1 
co6   3 
  015197   59053.1930556713  59053.2376879556 11 /2020-07/comap-0015197-2020-07-23-043800.hd5 
     01519701  59053.1934317130  59053.1936979167 8192 322.916389  64.716165   0.013253 1 0 1 1 0 0 0 0 0 0  
     01519702  59053.1939015278  59053.1987107523 32 322.225965  64.243244   0.001016 1 0 1 1 0 0 0 0 0 0  
     01519703  59053.1988841435  59053.2035428820 32 321.010432  63.348982   0.001036 1 0 1 1 0 0 0 0 0 0  
     01519704  59053.2036930903  59053.2083692130 32 319.990240  62.469954   0.000372 1 0 1 1 0 0 0 0 0 0  
     01519705  59053.2085599884  59053.2132014815 32 319.053312  61.562125   0.001085 1 0 1 1 0 0 0 0 0 0  
     01519706  59053.2133575463  59053.2180336806 32 318.234927  60.650584   0.001054 1 0 1 1 0 0 0 0 0 0  
     01519707  59053.2182012847  59053.2228600463 32 317.474548  59.716505   0.000399 1 0 1 1 0 0 0 0 0 0  
     01519708  59053.2230334606  59053.2276921875 32 316.824008  58.772125   0.001066 1 0 1 1 0 0 0 0 0 0  
     01519709  59053.2278598264  59053.2325242940 32 316.253582  57.818265   0.000750 1 0 1 1 0 0 0 0 0 0  
     01519710  59053.2326861343  59053.2373507870 32 315.754923  56.854639   0.001092 1 0 1 1 0 0 0 0 0 0  
     01519711  59053.2374074074  59053.2376620370 8192 315.424198  56.315249   0.000069 1 0 1 1 0 0 0 0 0 0  
  015247   59058.2485533565  59058.2932011502 11 /2020-07/comap-0015247-2020-07-28-055755.hd5 
     01524701  59058.2489351852  59058.2492013889 8192 314.050309  51.216080   0.015793 1 0 1 0 0 0 0 0 0 0  
     01524702  59058.2494047107  59058.2542144792 32 313.980369  50.657941   0.001005 1 0 1 0 0 0 0 0 0 0  
     01524703  59058.2543932407  59058.2590466435 32 313.885324  49.618854   0.001073 1 0 1 0 0 0 0 0 0 0  
     01524704  59058.2592196065  59058.2638730208 32 313.825073  48.618417   0.000366 1 0 1 0 0 0 0 0 0 0  
     01524705  59058.2640575926  59058.2687051852 32 313.810494  47.615535   0.001048 1 0 1 0 0 0 0 0 0 0  
     01524706  59058.2688723611  59058.2735372685 32 313.830600  46.617297   0.001058 1 0 1 0 0 0 0 0 0 0  
     01524707  59058.2737218519  59058.2783694329 32 313.892881  45.612851   0.001101 1 0 1 0 0 0 0 0 0 0  
     01524708  59058.2785192824  59058.2831958449 32 313.978225  44.619975   0.000398 1 0 1 0 0 0 0 0 0 0  
     01524709  59058.2833572569  59058.2880280324 32 314.098591  43.620801   0.001131 1 0 1 0 0 0 0 0 0 0  
     01524710  59058.2881720949  59058.2928543981 32 314.248534  42.627657   0.000362 1 0 1 0 0 0 0 0 0 0  
     01524711  59058.2929108796  59058.2931655093 8192 314.241559  42.089374   0.000067 1 0 1 0 0 0 0 0 0 0  
  015297   59059.9714005787  59060.0163770803 11 /2020-07/comap-0015297-2020-07-29-231849.hd5 
     01529701  59059.9721701389  59059.9724305556 8192  45.286915  54.210736   0.015375 1 1 1 1 0 0 0 0 0 0  
     01529702  59059.9726168634  59059.9774202778 32  45.120043  54.756747   0.000754 1 1 1 1 0 0 0 0 0 0  
     01529703  59059.9775994213  59059.9822523148 32  44.738445  55.774956   0.000629 1 1 1 1 0 0 0 0 0 0  
     01529704  59059.9823968634  59059.9870847454 32  44.322402  56.741434   0.000869 1 1 1 1 0 0 0 0 0 0  
     01529705  59059.9872638426  59059.9919109606 32  43.830253  57.714173   0.000881 1 1 1 1 0 0 0 0 0 0  
     01529706  59059.9920786690  59059.9967431481 32  43.254919  58.667127   0.000867 1 1 1 1 0 0 0 0 0 0  
     01529707  59059.9969108681  59060.0015695486 32  42.601000  59.613435   0.000306 1 1 1 1 0 0 0 0 0 0  
     01529708  59060.0017488194  59060.0064015972 32  41.886828  60.546255   0.000457 1 1 1 1 0 0 0 0 0 0  
     01529709  59060.0065808796  59060.0112338773 32  41.062328  61.465044   0.000777 1 1 1 1 0 0 0 0 0 0  
     01529710  59060.0114305440  59060.0160602662 32  40.127528  62.373116   0.000318 1 1 1 1 0 0 0 0 0 0  
     01529711  59060.0161168982  59060.0163483796 8192  39.536974  62.922354   0.000052 1 1 1 1 0 0 0 0 0 0  
