1 
co6   1  
  015127   59049.2039700231  59049.2486905030 11 /2020-07/comap-0015127-2020-07-19-045343.hd5 
     01512701  59049.2043518519  59049.2046180556 8192 322.917110  64.716764   0.013262 1 0 1 1 0 0 0 0 0 0  
     01512702  59049.2048217361  59049.2096250000 32768 322.230185  64.248161   0.429863 1 0 1 1 0 0 0 0 0 0  
     01512703  59049.2097812384  59049.2144572338 32768 321.014747  63.354312   0.429325 1 0 1 1 0 0 0 0 0 0  
     01512704  59049.2146190972  59049.2192835648 32768 319.989834  62.469053   0.431834 1 0 1 1 0 0 0 0 0 0  
     01512705  59049.2194802199  59049.2241157407 32768 319.057066  61.565228   0.433177 1 0 1 1 0 0 0 0 0 0  
     01512706  59049.2242835532  59049.2289479167 32768 318.233236  60.652104   0.433805 1 0 1 1 0 0 0 0 0 0  
     01512707  59049.2290173380  59049.2337743171 32768 317.496472  59.735968   0.435942 1 0 1 1 0 0 0 0 0 0  
     01512708  59049.2339537037  59049.2386064699 32768 316.821942  58.772310   0.436847 1 0 1 1 0 0 0 0 0 0  
     01512709  59049.2387685069  59049.2434386574 32768 316.255085  57.822848   0.438904 1 0 1 1 0 0 0 0 0 0  
     01512710  59049.2436006713  59049.2482650232 32768 315.755584  56.854660   0.440360 1 0 1 1 0 0 0 0 0 0  
     01512711  59049.2483217593  59049.2485879630 8192 315.422014  56.311134   0.000206 1 0 1 1 0 0 0 0 0 0  