1 
co6   6 
  015197   59053.1930556713  59053.2376879556 11 /2020-07/comap-0015197-2020-07-23-043800.hd5 
     01519701  59053.1934317130  59053.1936979167 8192 322.916389  64.716165   0.013253 1 0 1 1 0 0 0 0 0 0  
     01519702  59053.1939015278  59053.1987107523 32 322.225965  64.243244   0.001016 1 0 1 1 0 0 0 0 0 0  
     01519703  59053.1988841435  59053.2035428820 32 321.010432  63.348982   0.001036 1 0 1 1 0 0 0 0 0 0  
     01519704  59053.2036930903  59053.2083692130 32 319.990240  62.469954   0.000372 1 0 1 1 0 0 0 0 0 0  
     01519705  59053.2085599884  59053.2132014815 32 319.053312  61.562125   0.001085 1 0 1 1 0 0 0 0 0 0  
     01519706  59053.2133575463  59053.2180336806 32 318.234927  60.650584   0.001054 1 0 1 1 0 0 0 0 0 0  
     01519707  59053.2182012847  59053.2228600463 32 317.474548  59.716505   0.000399 1 0 1 1 0 0 0 0 0 0  
     01519708  59053.2230334606  59053.2276921875 32 316.824008  58.772125   0.001066 1 0 1 1 0 0 0 0 0 0  
     01519709  59053.2278598264  59053.2325242940 32 316.253582  57.818265   0.000750 1 0 1 1 0 0 0 0 0 0  
     01519710  59053.2326861343  59053.2373507870 32 315.754923  56.854639   0.001092 1 0 1 1 0 0 0 0 0 0  
     01519711  59053.2374074074  59053.2376620370 8192 315.424198  56.315249   0.000069 1 0 1 1 0 0 0 0 0 0  
  015247   59058.2485533565  59058.2932011502 11 /2020-07/comap-0015247-2020-07-28-055755.hd5 
     01524701  59058.2489351852  59058.2492013889 8192 314.050309  51.216080   0.015793 1 0 1 0 0 0 0 0 0 0  
     01524702  59058.2494047107  59058.2542144792 32 313.980369  50.657941   0.001005 1 0 1 0 0 0 0 0 0 0  
     01524703  59058.2543932407  59058.2590466435 32 313.885324  49.618854   0.001073 1 0 1 0 0 0 0 0 0 0  
     01524704  59058.2592196065  59058.2638730208 32 313.825073  48.618417   0.000366 1 0 1 0 0 0 0 0 0 0  
     01524705  59058.2640575926  59058.2687051852 32 313.810494  47.615535   0.001048 1 0 1 0 0 0 0 0 0 0  
     01524706  59058.2688723611  59058.2735372685 32 313.830600  46.617297   0.001058 1 0 1 0 0 0 0 0 0 0  
     01524707  59058.2737218519  59058.2783694329 32 313.892881  45.612851   0.001101 1 0 1 0 0 0 0 0 0 0  
     01524708  59058.2785192824  59058.2831958449 32 313.978225  44.619975   0.000398 1 0 1 0 0 0 0 0 0 0  
     01524709  59058.2833572569  59058.2880280324 32 314.098591  43.620801   0.001131 1 0 1 0 0 0 0 0 0 0  
     01524710  59058.2881720949  59058.2928543981 32 314.248534  42.627657   0.000362 1 0 1 0 0 0 0 0 0 0  
     01524711  59058.2929108796  59058.2931655093 8192 314.241559  42.089374   0.000067 1 0 1 0 0 0 0 0 0 0  
  015297   59059.9714005787  59060.0163770803 11 /2020-07/comap-0015297-2020-07-29-231849.hd5 
     01529701  59059.9721701389  59059.9724305556 8192  45.286915  54.210736   0.015375 1 1 1 1 0 0 0 0 0 0  
     01529702  59059.9726168634  59059.9774202778 32  45.120043  54.756747   0.000754 1 1 1 1 0 0 0 0 0 0  
     01529703  59059.9775994213  59059.9822523148 32  44.738445  55.774956   0.000629 1 1 1 1 0 0 0 0 0 0  
     01529704  59059.9823968634  59059.9870847454 32  44.322402  56.741434   0.000869 1 1 1 1 0 0 0 0 0 0  
     01529705  59059.9872638426  59059.9919109606 32  43.830253  57.714173   0.000881 1 1 1 1 0 0 0 0 0 0  
     01529706  59059.9920786690  59059.9967431481 32  43.254919  58.667127   0.000867 1 1 1 1 0 0 0 0 0 0  
     01529707  59059.9969108681  59060.0015695486 32  42.601000  59.613435   0.000306 1 1 1 1 0 0 0 0 0 0  
     01529708  59060.0017488194  59060.0064015972 32  41.886828  60.546255   0.000457 1 1 1 1 0 0 0 0 0 0  
     01529709  59060.0065808796  59060.0112338773 32  41.062328  61.465044   0.000777 1 1 1 1 0 0 0 0 0 0  
     01529710  59060.0114305440  59060.0160602662 32  40.127528  62.373116   0.000318 1 1 1 1 0 0 0 0 0 0  
     01529711  59060.0161168982  59060.0163483796 8192  39.536974  62.922354   0.000052 1 1 1 1 0 0 0 0 0 0  
  015325   59060.9667015046  59061.0113833265 11 /2020-07/comap-0015325-2020-07-30-231203.hd5 
     01532501  59060.9670717593  59060.9673379630 8192  45.426737  53.725393   0.015678 1 1 1 1 0 0 0 0 0 0  
     01532502  59060.9675475231  59060.9723506134 32768  45.269157  54.279440   0.448044 1 1 1 1 0 0 0 0 0 0  
     01532503  59060.9725243750  59060.9771829051 32768  44.928434  55.299498   0.443475 1 1 1 1 0 0 0 0 0 0  
     01532504  59060.9773681018  59060.9820092940 32768  44.519193  56.279024   0.442088 1 1 1 1 0 0 0 0 0 0  
     01532505  59060.9822002546  59060.9868414699 32768  44.064933  57.247857   0.440762 1 1 1 1 0 0 0 0 0 0  
     01532506  59060.9869919560  59060.9916678588 32768  43.549747  58.200776   0.438868 1 1 1 1 0 0 0 0 0 0  
     01532507  59060.9918530440  59060.9965058102 32768  42.928891  59.156577   0.436811 1 1 1 1 0 0 0 0 0 0  
     01532508  59060.9966968171  59061.0013323264 32768  42.231981  60.099364   0.436698 1 1 1 1 0 0 0 0 0 0  
     01532509  59061.0015347569  59061.0061643981 32768  41.459985  61.027078   0.434473 1 1 1 1 0 0 0 0 0 0  
     01532510  59061.0062801620  59061.0109965509 32768  40.616416  61.918537   0.432724 1 1 1 1 0 0 0 0 0 0  
     01532511  59061.0110532407  59061.0113194444 8192  39.819247  62.461789   0.000199 1 1 1 1 0 0 0 0 0 0  
  015332   59061.2610417824  59061.3073044116 11 /2020-07/comap-0015332-2020-07-31-061554.hd5 
     01533201  59061.2631250000  59061.2633912037 8192 313.824774  46.579282   0.015863 0 0 1 0 0 0 0 0 0 0  
     01533202  59061.2634965393  59061.2682997107 32768 313.857058  46.043904   0.464246 0 0 1 0 0 0 0 0 0 0  
     01533203  59061.2684733912  59061.2731318750 32768 313.937294  45.001707   0.464005 0 0 1 0 0 0 0 0 0 0  
     01533204  59061.2732823148  59061.2779640509 32768 314.035909  44.005737   0.467034 0 0 1 0 0 0 0 0 0 0  
     01533205  59061.2781377431  59061.2827846759 32768 314.180276  43.007098   0.469665 0 0 1 0 0 0 0 0 0 0  
     01533206  59061.2829351042  59061.2876226157 32768 314.346808  42.018577   0.472009 0 0 1 0 0 0 0 0 0 0  
     01533207  59061.2877556944  59061.2924548380 32768 314.537943  41.027854   0.473466 0 0 1 0 0 0 0 0 0 0  
     01533208  59061.2926110301  59061.2972754051 32768 314.762921  40.040074   0.476388 0 0 1 0 0 0 0 0 0 0  
     01533209  59061.2974027894  59061.3021133681 32768 315.010191  39.060771   0.479325 0 0 1 0 0 0 0 0 0 0  
     01533210  59061.3022696991  59061.3069455556 32768 315.278872  38.075200   0.480873 0 0 1 0 0 0 0 0 0 0  
     01533211  59061.3070023148  59061.3072685185 8192 315.347743  37.462660   0.000094 0 0 1 0 0 0 0 0 0 0  
  015275   59059.2666089120  59059.3114393470 11 /2020-07/comap-0015275-2020-07-29-062355.hd5 
     01527501  59059.2672685185  59059.2675289352 8192 313.815211  46.853172   0.015519 1 0 1 0 0 0 0 0 0 0  
     01527502  59059.2676342014  59059.2724318287 32768 313.845154  46.320689   0.464071 1 0 1 0 0 0 0 0 0 0  
     01527503  59059.2725821759  59059.2772698032 32768 313.918636  45.281120   0.464705 1 0 1 0 0 0 0 0 0 0  
     01527504  59059.2774374653  59059.2820960417 32768 314.011761  44.278755   0.466742 1 0 1 0 0 0 0 0 0 0  
     01527505  59059.2822637732  59059.2869282292 32768 314.144252  43.282814   0.468190 1 0 1 0 0 0 0 0 0 0  
     01527506  59059.2870901389  59059.2917603935 32768 314.300506  42.286757   0.470560 1 0 1 0 0 0 0 0 0 0  
     01527507  59059.2919223148  59059.2965868056 32768 314.493272  41.297581   0.473346 1 0 1 0 0 0 0 0 0 0  
     01527508  59059.2966850579  59059.3014189699 32768 314.703703  40.316681   0.475819 1 0 1 0 0 0 0 0 0 0  
     01527509  59059.3015752431  59059.3062512616 32768 314.953167  39.324699   0.478075 1 0 1 0 0 0 0 0 0 0  
     01527510  59059.3064073611  59059.3110776389 32768 315.208393  38.345705   0.479625 1 0 1 0 0 0 0 0 0 0  
     01527511  59059.3111342593  59059.3114004630 8192 315.277872  37.782532   0.000127 1 0 1 0 0 0 0 0 0 0  
