1 
co6   3 
  015325   59060.9667015046  59061.0113833265 11 /2020-07/comap-0015325-2020-07-30-231203.hd5 
     01532501  59060.9670717593  59060.9673379630 8192  45.426737  53.725393   0.015678 1 1 1 1 0 0 0 0 0 0  
     01532502  59060.9675475231  59060.9723506134 32768  45.269157  54.279440   0.448044 1 1 1 1 0 0 0 0 0 0  
     01532503  59060.9725243750  59060.9771829051 32768  44.928434  55.299498   0.443475 1 1 1 1 0 0 0 0 0 0  
     01532504  59060.9773681018  59060.9820092940 32768  44.519193  56.279024   0.442088 1 1 1 1 0 0 0 0 0 0  
     01532505  59060.9822002546  59060.9868414699 32768  44.064933  57.247857   0.440762 1 1 1 1 0 0 0 0 0 0  
     01532506  59060.9869919560  59060.9916678588 32768  43.549747  58.200776   0.438868 1 1 1 1 0 0 0 0 0 0  
     01532507  59060.9918530440  59060.9965058102 32768  42.928891  59.156577   0.436811 1 1 1 1 0 0 0 0 0 0  
     01532508  59060.9966968171  59061.0013323264 32768  42.231981  60.099364   0.436698 1 1 1 1 0 0 0 0 0 0  
     01532509  59061.0015347569  59061.0061643981 32768  41.459985  61.027078   0.434473 1 1 1 1 0 0 0 0 0 0  
     01532510  59061.0062801620  59061.0109965509 32768  40.616416  61.918537   0.432724 1 1 1 1 0 0 0 0 0 0  
     01532511  59061.0110532407  59061.0113194444 8192  39.819247  62.461789   0.000199 1 1 1 1 0 0 0 0 0 0  
  015332   59061.2610417824  59061.3073044116 11 /2020-07/comap-0015332-2020-07-31-061554.hd5 
     01533201  59061.2631250000  59061.2633912037 8192 313.824774  46.579282   0.015863 0 0 1 0 0 0 0 0 0 0  
     01533202  59061.2634965393  59061.2682997107 32768 313.857058  46.043904   0.464246 0 0 1 0 0 0 0 0 0 0  
     01533203  59061.2684733912  59061.2731318750 32768 313.937294  45.001707   0.464005 0 0 1 0 0 0 0 0 0 0  
     01533204  59061.2732823148  59061.2779640509 32768 314.035909  44.005737   0.467034 0 0 1 0 0 0 0 0 0 0  
     01533205  59061.2781377431  59061.2827846759 32768 314.180276  43.007098   0.469665 0 0 1 0 0 0 0 0 0 0  
     01533206  59061.2829351042  59061.2876226157 32768 314.346808  42.018577   0.472009 0 0 1 0 0 0 0 0 0 0  
     01533207  59061.2877556944  59061.2924548380 32768 314.537943  41.027854   0.473466 0 0 1 0 0 0 0 0 0 0  
     01533208  59061.2926110301  59061.2972754051 32768 314.762921  40.040074   0.476388 0 0 1 0 0 0 0 0 0 0  
     01533209  59061.2974027894  59061.3021133681 32768 315.010191  39.060771   0.479325 0 0 1 0 0 0 0 0 0 0  
     01533210  59061.3022696991  59061.3069455556 32768 315.278872  38.075200   0.480873 0 0 1 0 0 0 0 0 0 0  
     01533211  59061.3070023148  59061.3072685185 8192 315.347743  37.462660   0.000094 0 0 1 0 0 0 0 0 0 0  
  015275   59059.2666089120  59059.3114393470 11 /2020-07/comap-0015275-2020-07-29-062355.hd5 
     01527501  59059.2672685185  59059.2675289352 8192 313.815211  46.853172   0.015519 1 0 1 0 0 0 0 0 0 0  
     01527502  59059.2676342014  59059.2724318287 32768 313.845154  46.320689   0.464071 1 0 1 0 0 0 0 0 0 0  
     01527503  59059.2725821759  59059.2772698032 32768 313.918636  45.281120   0.464705 1 0 1 0 0 0 0 0 0 0  
     01527504  59059.2774374653  59059.2820960417 32768 314.011761  44.278755   0.466742 1 0 1 0 0 0 0 0 0 0  
     01527505  59059.2822637732  59059.2869282292 32768 314.144252  43.282814   0.468190 1 0 1 0 0 0 0 0 0 0  
     01527506  59059.2870901389  59059.2917603935 32768 314.300506  42.286757   0.470560 1 0 1 0 0 0 0 0 0 0  
     01527507  59059.2919223148  59059.2965868056 32768 314.493272  41.297581   0.473346 1 0 1 0 0 0 0 0 0 0  
     01527508  59059.2966850579  59059.3014189699 32768 314.703703  40.316681   0.475819 1 0 1 0 0 0 0 0 0 0  
     01527509  59059.3015752431  59059.3062512616 32768 314.953167  39.324699   0.478075 1 0 1 0 0 0 0 0 0 0  
     01527510  59059.3064073611  59059.3110776389 32768 315.208393  38.345705   0.479625 1 0 1 0 0 0 0 0 0 0  
     01527511  59059.3111342593  59059.3114004630 8192 315.277872  37.782532   0.000127 1 0 1 0 0 0 0 0 0 0  
