1 
co6   1  
015229   59054.2802663194  59054.3248867980 11 /2020-07/comap-0015229-2020-07-24-064335.hd5 
     01522901  59054.2806423611  59054.2809085648 8192 313.813373  46.911588   0.015834 1 0 1 0 0 0 0 0 0 0  
     01522902  59054.2810018982  59054.2858116782 32768 313.844449  46.377334   0.466326 1 0 1 0 0 0 0 0 0 0  
     01522903  59054.2859729861  59054.2906437037 32768 313.910038  45.336440   0.463405 1 0 1 0 0 0 0 0 0 0  
     01522904  59054.2907993866  59054.2954700810 32768 314.009197  44.340009   0.466502 1 0 1 0 0 0 0 0 0 0  
     01522905  59054.2956489120  59054.3003023611 32768 314.134858  43.339101   0.468603 1 0 1 0 0 0 0 0 0 0  
     01522906  59054.3004812037  59054.3051345486 32768 314.290771  42.342414   0.469945 1 0 1 0 0 0 0 0 0 0  
     01522907  59054.3052902199  59054.3099609375 32768 314.475729  41.356471   0.473199 1 0 1 0 0 0 0 0 0 0  
     01522908  59054.3100934607  59054.3147931481 32768 314.690749  40.370200   0.476251 1 0 1 0 0 0 0 0 0 0  
     01522909  59054.3149486690  59054.3196252778 32768 314.930307  39.383048   0.477490 1 0 1 0 0 0 0 0 0 0  
     01522910  59054.3197751620  59054.3244516667 32768 315.187557  38.403397   0.480685 1 0 1 0 0 0 0 0 0 0  
     01522911  59054.3245081019  59054.3247743056 8192 315.261379  37.861893   0.000073 1 0 1 0 0 0 0 0 0 0  
