1 
co6   1 
  015013   59045.2148728009  59045.2595766139 11 /2020-07/comap-0015013-2020-07-15-050925.hd5 
     01501301  59045.2152546296  59045.2155208333 8192 322.922376  64.720399   0.013259 1 0 1 1 0 0 0 0 0 0  
     01501302  59045.2157186343  59045.2205221180 32768 322.238996  64.252933   0.430030 1 0 1 1 0 0 0 0 0 0  
     01501303  59045.2206954861  59045.2253543055 32768 321.019642  63.356852   0.429303 1 0 1 1 0 0 0 0 0 0  
     01501304  59045.2255044907  59045.2301749305 32768 319.998779  62.478369   0.430782 1 0 1 1 0 0 0 0 0 0  
     01501305  59045.2303598148  59045.2350128588 32768 319.058606  61.570045   0.431482 1 0 1 1 0 0 0 0 0 0  
     01501306  59045.2351862153  59045.2398450000 32768 318.237059  60.655943   0.433779 1 0 1 1 0 0 0 0 0 0  
     01501307  59045.2399547338  59045.2446713194 32768 317.490140  59.731014   0.437097 1 0 1 1 0 0 0 0 0 0  
     01501308  59045.2448389699  59045.2495034954 32768 316.831842  58.780444   0.436417 1 0 1 1 0 0 0 0 0 0  
     01501309  59045.2496826505  59045.2543357755 32768 316.259571  57.824247   0.438781 1 0 1 1 0 0 0 0 0 0  
     01501310  59045.2545034259  59045.2591622106 32768 315.756994  56.860985   0.440412 1 0 1 1 0 0 0 0 0 0  
     01501311  59045.2592187500  59045.2594849537 8192 315.423565  56.312416   0.000242 1 0 1 1 0 0 0 0 0 0   
  