1 
co6   3 
  015302   59060.1739353009  59060.2185266124 11 /2020-07/comap-0015302-2020-07-30-041028.hd5 
     01530201  59060.1743113426  59060.1745428241 8192 322.922568  64.719837   0.011517 0 0 1 1 0 0 0 0 0 0  
     01530202  59060.1747291782  59060.1795440046 32 322.242214  64.252057   0.000994 0 0 1 1 0 0 0 0 0 0  
     01530203  59060.1797118287  59060.1843761806 32 321.022517  63.358989   0.000998 0 0 1 1 0 0 0 0 0 0  
     01530204  59060.1845382176  59060.1892025694 32 319.999514  62.476955   0.001006 0 0 1 1 0 0 0 0 0 0  
     01530205  59060.1893993171  59060.1940347338 32 319.061400  61.570447   0.001067 0 0 1 1 0 0 0 0 0 0  
     01530206  59060.1941967940  59060.1988668056 32 318.241403  60.659156   0.000695 0 0 1 1 0 0 0 0 0 0  
     01530207  59060.1990289815  59060.2036934144 32 317.481179  59.727437   0.000357 0 0 1 1 0 0 0 0 0 0  
     01530208  59060.2038669560  59060.2085254861 32 316.829443  58.782072   0.001042 0 0 1 1 0 0 0 0 0 0  
     01530209  59060.2086875231  59060.2133576852 32 316.255365  57.829245   0.001071 0 0 1 1 0 0 0 0 0 0  
     01530210  59060.2135197222  59060.2181840625 32 315.756975  56.864818   0.000379 0 0 1 1 0 0 0 0 0 0  
     01530211  59060.2182407407  59060.2184953704 8192 315.421517  56.365142   0.000084 0 0 1 1 0 0 0 0 0 0 
  015304   59060.2639237269  59060.3089381919 11 /2020-07/comap-0015304-2020-07-30-062003.hd5 
     01530401  59060.2647685185  59060.2650347222 8192 313.816716  46.804825   0.015860 0 0 1 0 0 0 0 0 0 0  
     01530402  59060.2651343056  59060.2699375116 32 313.844152  46.267732   0.000259 0 0 1 0 0 0 0 0 0 0  
     01530403  59060.2701169444  59060.2747696991 32 313.918665  45.227374   0.001082 0 0 1 0 0 0 0 0 0 0  
     01530404  59060.2749201505  59060.2796018750 32 314.013137  44.234073   0.001057 0 0 1 0 0 0 0 0 0 0  
     01530405  59060.2797928472  59060.2844281482 32 314.143487  43.228929   0.000216 0 0 1 0 0 0 0 0 0 0  
     01530406  59060.2845902199  59060.2892603357 32 314.303427  42.241206   0.000682 0 0 1 0 0 0 0 0 0 0  
     01530407  59060.2893471528  59060.2940926042 32 314.495267  41.264625   0.001066 0 0 1 0 0 0 0 0 0 0  
     01530408  59060.2942488773  59060.2989190509 32 314.708583  40.262388   0.000274 0 0 1 0 0 0 0 0 0 0  
     01530409  59060.2990926157  59060.3037512037 32 314.957480  39.275136   0.001124 0 0 1 0 0 0 0 0 0 0  
     01530410  59060.3039884491  59060.3085834606 32 315.226853  38.282554   0.001179 0 0 1 0 0 0 0 0 0 0  
     01530411  59060.3086400463  59060.3088946759 8192 315.295227  37.719786   0.000063 0 0 1 0 0 0 0 0 0 0   
  014987   59044.3077663194  59044.3524724472 11 /2020-07/comap-0014987-2020-07-14-072311.hd5 
     01498701  59044.3081481481  59044.3084143518 8192 313.814256  46.870453   0.015867 1 0 1 0 0 0 0 0 0 0  
     01498702  59044.3086006829  59044.3134039583 32 313.848297  46.315302   0.000355 1 0 1 0 0 0 0 0 0 0  
     01498703  59044.3135833102  59044.3182361227 32 313.922752  45.275081   0.001125 1 0 1 0 0 0 0 0 0 0  
     01498704  59044.3183981366  59044.3230682986 32 314.009869  44.279415   0.001093 1 0 1 0 0 0 0 0 0 0  
     01498705  59044.3232187963  59044.3278946875 32 314.139282  43.284459   0.001076 1 0 1 0 0 0 0 0 0 0  
     01498706  59044.3280625810  59044.3327267592 32 314.297552  42.287631   0.000724 1 0 1 0 0 0 0 0 0 0  
     01498707  59044.3328135417  59044.3375532407 32 314.489744  41.312170   0.000384 1 0 1 0 0 0 0 0 0 0  
     01498708  59044.3376979051  59044.3423854282 32 314.707880  40.313206   0.001085 1 0 1 0 0 0 0 0 0 0  
     01498709  59044.3425416551  59044.3472176042 32 314.949582  39.326826   0.001129 1 0 1 0 0 0 0 0 0 0  
     01498710  59044.3473796296  59044.3520439930 32 315.210215  38.344357   0.000425 1 0 1 0 0 0 0 0 0 0  
     01498711  59044.3521006944  59044.3523784722 8192 315.273349  37.813636   0.000054 1 0 1 0 0 0 0 0 0 0  