1 
co6   64
  011803   58920.3059839120  58920.3505486028 11 /2020-03/comap-0011803-2020-03-12-072037.hd5 
     01180301  58920.3063657407  58920.3066319444 8192  46.007622  44.280832   0.015796 1 0 0 0 0 0 0 0 0 0  
     01180302  58920.3067661805  58920.3115695139 32  46.063415  44.823857   0.001139 1 0 0 0 0 0 0 0 0 0  
     01180303  58920.3117372685  58920.3164016667 32  46.147783  45.861299   0.001104 1 0 0 0 0 0 0 0 0 0  
     01180304  58920.3165578588  58920.3212281134 32  46.189728  46.861639   0.000326 1 0 0 0 0 0 0 0 0 0  
     01180305  58920.3214016319  58920.3260602546 32  46.206979  47.864646   0.001097 1 0 0 0 0 0 0 0 0 0  
     01180306  58920.3262337731  58920.3308924653 32  46.182948  48.866703   0.001127 1 0 0 0 0 0 0 0 0 0  
     01180307  58920.3310659028  58920.3357186921 32  46.115937  49.867871   0.000313 1 0 0 0 0 0 0 0 0 0  
     01180308  58920.3358748958  58920.3405509838 32  46.002506  50.862123   0.001132 1 0 0 0 0 0 0 0 0 0  
     01180309  58920.3407071643  58920.3453831713 32  45.849502  51.859892   0.001080 1 0 0 0 0 0 0 0 0 0  
     01180310  58920.3454814815  58920.3502095486 32  45.661644  52.842908   0.000297 1 0 0 0 0 0 0 0 0 0  
     01180311  58920.3502662037  58920.3505208333 8192  45.539674  53.357923   0.016529 1 0 0 0 0 0 0 0 0 0  
  011804   58920.3507640046  58920.3954004556 11 /2020-03/comap-0011804-2020-03-12-082506.hd5 
     01180401  58920.3511400463  58920.3514062500 8192  45.491749  53.539110   0.015690 0 0 0 1 0 0 0 0 0 0  
     01180402  58920.3516099305  58920.3564190394 32  45.331963  54.091893   0.001054 0 0 0 1 0 0 0 0 0 0  
     01180403  58920.3565809954  58920.3612512153 32  45.005383  55.111905   0.001057 0 0 0 1 0 0 0 0 0 0  
     01180404  58920.3614132176  58920.3660776389 32  44.616309  56.090264   0.000293 0 0 0 1 0 0 0 0 0 0  
     01180405  58920.3662453588  58920.3709097685 32  44.162057  57.061710   0.001049 0 0 0 1 0 0 0 0 0 0  
     01180406  58920.3710717477  58920.3757419792 32  43.655278  58.023473   0.001065 0 0 0 1 0 0 0 0 0 0  
     01180407  58920.3758923032  58920.3805683218 32  43.064968  58.974449   0.000305 0 0 0 1 0 0 0 0 0 0  
     01180408  58920.3807419097  58920.3854005093 32  42.390509  59.920078   0.001067 0 0 0 1 0 0 0 0 0 0  
     01180409  58920.3855856250  58920.3902326852 32  41.617496  60.851225   0.001071 0 0 0 1 0 0 0 0 0 0  
     01180410  58920.3903946528  58920.3950590741 32  40.787841  61.761834   0.000256 0 0 0 1 0 0 0 0 0 0  
     01180411  58920.3951157407  58920.3953703704 8192  40.313172  62.218742   0.014141 0 0 0 1 0 0 0 0 0 0  
  011805   58920.3956251157  58920.4402483721 11 /2020-03/comap-0011805-2020-03-12-092942.hd5 
     01180501  58920.3959953704  58920.3962615741 8192  40.134970  62.383496   0.014169 1 0 0 1 0 0 0 0 0 0  
     01180502  58920.3964652893  58920.4012685532 32  39.565884  62.880992   0.001007 1 0 0 1 0 0 0 0 0 0  
     01180503  58920.4014421759  58920.4061007292 32  38.446552  63.787466   0.001047 1 0 0 1 0 0 0 0 0 0  
     01180504  58920.4062511690  58920.4109272801 32  37.238200  64.635117   0.000239 1 0 0 1 0 0 0 0 0 0  
     01180505  58920.4111179630  58920.4157592824 32  35.855447  65.467802   0.001008 1 0 0 1 0 0 0 0 0 0  
     01180506  58920.4159444444  58920.4205915278 32  34.401129  66.266661   0.000964 1 0 0 1 0 0 0 0 0 0  
     01180507  58920.4207650810  58920.4254178819 32  32.770894  67.033274   0.000212 1 0 0 1 0 0 0 0 0 0  
     01180508  58920.4255914931  58920.4302500347 32  31.028320  67.766257   0.000965 1 0 0 1 0 0 0 0 0 0  
     01180509  58920.4304062616  58920.4350822106 32  29.079214  68.459044   0.000965 1 0 0 1 0 0 0 0 0 0  
     01180510  58920.4352673611  58920.4399085880 32  26.987028  69.115564   0.000192 1 0 0 1 0 0 0 0 0 0  
     01180511  58920.4399652778  58920.4402199074 8192  25.847989  69.423734   0.011186 1 0 0 1 0 0 0 0 0 0  
  011809   58920.5730209491  58920.6176458258 11 /2020-03/comap-0011809-2020-03-12-134509.hd5 
     01180901  58920.5733912037  58920.5736574074 8192 319.133423  61.675736   0.014384 1 1 1 1 0 0 0 0 0 0  
     01180902  58920.5738611227  58920.5786643750 32 318.638155  61.165317   0.000278 1 1 1 1 0 0 0 0 0 0  
     01180903  58920.5788668982  58920.5834965972 32 317.831972  60.200846   0.001002 1 1 1 1 0 0 0 0 0 0  
     01180904  58920.5836701389  58920.5883287384 32 317.130128  59.267883   0.000978 1 1 1 1 0 0 0 0 0 0  
     01180905  58920.5885081134  58920.5931551157 32 316.509249  58.316747   0.000283 1 1 1 1 0 0 0 0 0 0  
     01180906  58920.5933402894  58920.5979872917 32 315.970547  57.356694   0.000960 1 1 1 1 0 0 0 0 0 0  
     01180907  58920.5981609607  58920.6028137037 32 315.512009  56.389974   0.000307 1 1 1 1 0 0 0 0 0 0  
     01180908  58920.6029930671  58920.6076458680 32 315.102778  55.413565   0.000315 1 1 1 1 0 0 0 0 0 0  
     01180909  58920.6078310301  58920.6124779282 32 314.761822  54.429674   0.000613 1 1 1 1 0 0 0 0 0 0  
     01180910  58920.6126457408  58920.6173102199 32 314.480495  53.444978   0.000966 1 1 1 1 0 0 0 0 0 0  
     01180911  58920.6173668982  58920.6176215278 8192 314.358312  52.941758   0.016256 1 1 1 1 0 0 0 0 0 0  
  011810   58920.6178820602  58920.6625150389 11 /2020-03/comap-0011810-2020-03-12-144945.hd5 
     01181001  58920.6182523148  58920.6185185185 8192 314.319255  52.759478   0.015723 0 1 1 0 0 0 0 0 0 0  
     01181002  58920.6187221875  58920.6235255440 32 314.198160  52.203703   0.000342 0 1 1 0 0 0 0 0 0 0  
     01181003  58920.6237163889  58920.6283635069 32 314.031758  51.166453   0.001039 0 1 1 0 0 0 0 0 0 0  
     01181004  58920.6285138426  58920.6331898843 32 313.906092  50.174575   0.000344 0 1 1 0 0 0 0 0 0 0  
     01181005  58920.6333633681  58920.6380220602 32 313.826386  49.170375   0.001041 0 1 1 0 0 0 0 0 0 0  
     01181006  58920.6381666204  58920.6428543171 32 313.788814  48.174689   0.001042 0 1 1 0 0 0 0 0 0 0  
     01181007  58920.6429871412  58920.6476805324 32 313.790695  47.175434   0.000317 0 1 1 0 0 0 0 0 0 0  
     01181008  58920.6478656019  58920.6525127083 32 313.831163  46.163393   0.000685 0 1 1 0 0 0 0 0 0 0  
     01181009  58920.6526862037  58920.6573448843 32 313.904666  45.165072   0.000704 0 1 1 0 0 0 0 0 0 0  
     01181010  58920.6575183796  58920.6621713773 32 313.999902  44.165818   0.000346 0 1 1 0 0 0 0 0 0 0  
     01181011  58920.6622280093  58920.6624826389 8192 314.071667  43.661860   0.015297 0 1 1 0 0 0 0 0 0 0  
  011811   58920.6629399306  58920.7075268439 11 /2020-03/comap-0011811-2020-03-12-155438.hd5 
     01181101  58920.6633159722  58920.6635706018 8192 314.100938  43.437941   0.015089 1 1 1 0 0 0 0 0 0 0  
     01181102  58920.6636875347  58920.6684907755 32 314.179344  42.900420   0.000336 1 1 1 0 0 0 0 0 0 0  
     01181103  58920.6686643403  58920.6733287269 32 314.355809  41.869276   0.001112 1 1 1 0 0 0 0 0 0 0  
     01181104  58920.6734849653  58920.6781551273 32 314.551878  40.881210   0.000334 1 1 1 0 0 0 0 0 0 0  
     01181105  58920.6782940046  58920.6829873032 32 314.774381  39.897745   0.001084 1 1 1 0 0 0 0 0 0 0  
     01181106  58920.6830972338  58920.6878135764 32 315.025445  38.922279   0.000342 1 1 1 0 0 0 0 0 0 0  
     01181107  58920.6879350810  58920.6926457639 32 315.299472  37.942937   0.000684 1 1 1 0 0 0 0 0 0 0  
     01181108  58920.6928077662  58920.6974780440 32 315.599585  36.960097   0.001090 1 1 1 0 0 0 0 0 0 0  
     01181109  58920.6976342593  58920.7023102315 32 315.923769  35.993103   0.001090 1 1 1 0 0 0 0 0 0 0  
     01181110  58920.7024549653  58920.7071366204 32 316.262545  35.033041   0.000278 1 1 1 0 0 0 0 0 0 0  
     01181111  58920.7071875000  58920.7074421296 8192 316.445983  34.542423   0.018886 1 1 1 0 0 0 0 0 0 0  
  011829   58921.2642593750  58921.3088481402 11 /2020-03/comap-0011829-2020-03-13-062032.hd5 
     01182901  58921.2646296296  58921.2648842593 8192  44.186878  36.324015   0.014631 1 1 0 0 0 0 0 0 0 0  
     01182902  58921.2650474653  58921.2698565046 32768  44.357514  36.857743   0.485401 1 1 0 0 0 0 0 0 0 0  
     01182903  58921.2700243056  58921.2746885880 32768  44.670615  37.863188   0.480699 1 1 0 0 0 0 0 0 0 0  
     01182904  58921.2748505903  58921.2795208565 32768  44.942735  38.840686   0.478259 1 1 0 0 0 0 0 0 0 0  
     01182905  58921.2796713194  58921.2843472570 32768  45.195610  39.819590   0.476573 1 1 0 0 0 0 0 0 0 0  
     01182906  58921.2845150579  58921.2891794329 32768  45.419969  40.809177   0.473894 1 1 0 0 0 0 0 0 0 0  
     01182907  58921.2893182870  58921.2940116204 32768  45.624087  41.792187   0.471144 1 1 0 0 0 0 0 0 0 0  
     01182908  58921.2941679051  58921.2988380324 32768  45.797966  42.793895   0.468630 1 1 0 0 0 0 0 0 0 0  
     01182909  58921.2990231597  58921.3036702083 32768  45.946633  43.794931   0.467147 1 1 0 0 0 0 0 0 0 0  
     01182910  58921.3038206250  58921.3085023611 32768  46.061070  44.783388   0.464971 1 1 0 0 0 0 0 0 0 0  
     01182911  58921.3085590278  58921.3088136574 8192  46.107895  45.297359   0.015339 1 1 0 0 0 0 0 0 0 0  
  011830   58921.3090626157  58921.3536011488 11 /2020-03/comap-0011830-2020-03-13-072503.hd5 
     01183001  58921.3094328704  58921.3096990741 8192  46.123206  45.478934   0.015837 0 0 0 1 0 0 0 0 0 0  
     01183002  58921.3097986111  58921.3146076736 32768  46.155936  46.018323   0.464326 0 0 0 1 0 0 0 0 0 0  
     01183003  58921.3147465278  58921.3194398032 32768  46.200001  47.044891   0.460833 0 0 0 1 0 0 0 0 0 0  
     01183004  58921.3196249537  58921.3242661227 32768  46.199478  48.061045   0.458278 0 0 0 1 0 0 0 0 0 0  
     01183005  58921.3244455093  58921.3290984375 32768  46.168255  49.060303   0.455410 0 0 0 1 0 0 0 0 0 0  
     01183006  58921.3292083449  58921.3339305787 32768  46.098820  50.039683   0.455027 0 0 0 1 0 0 0 0 0 0  
     01183007  58921.3340984375  58921.3387568750 32768  45.990049  51.056824   0.451744 0 0 0 1 0 0 0 0 0 0  
     01183008  58921.3388959491  58921.3435891667 32768  45.826644  52.045595   0.449882 0 0 0 1 0 0 0 0 0 0  
     01183009  58921.3437743171  58921.3484213194 32768  45.605965  53.052004   0.447970 0 0 0 1 0 0 0 0 0 0  
     01183010  58921.3485949537  58921.3532477083 32768  45.344959  54.038405   0.445270 0 0 0 1 0 0 0 0 0 0  
     01183011  58921.3533043982  58921.3535590278 8192  45.201494  54.535828   0.016795 0 0 0 1 0 0 0 0 0 0  
  011832   58921.3553820602  58921.4000124926 11 /2020-03/comap-0011832-2020-03-13-083145.hd5 
     01183201  58921.3557581019  58921.3560243056 8192  45.029559  55.038021   0.015553 0 0 0 1 0 0 0 0 0 0  
     01183202  58921.3562279514  58921.3610313426 32768  44.823319  55.586491   0.444961 0 0 0 1 0 0 0 0 0 0  
     01183203  58921.3612163657  58921.3658634259 32768  44.396086  56.599890   0.440765 0 0 0 1 0 0 0 0 0 0  
     01183204  58921.3660600231  58921.3706957060 32768  43.895158  57.570181   0.440477 0 0 0 1 0 0 0 0 0 0  
     01183205  58921.3708865162  58921.3755220833 32768  43.349399  58.526112   0.438430 0 0 0 1 0 0 0 0 0 0  
     01183206  58921.3757129167  58921.3803542708 32768  42.722576  59.473144   0.436237 0 0 0 1 0 0 0 0 0 0  
     01183207  58921.3805103588  58921.3851864468 32768  42.002541  60.400493   0.434379 0 0 0 1 0 0 0 0 0 0  
     01183208  58921.3853772454  58921.3900128241 32768  41.182308  61.330746   0.433967 0 0 0 1 0 0 0 0 0 0  
     01183209  58921.3902036458  58921.3948449884 32768  40.283439  62.235389   0.431269 0 0 0 1 0 0 0 0 0 0  
     01183210  58921.3949895370  58921.3996772106 32768  39.303448  63.114781   0.429976 0 0 0 1 0 0 0 0 0 0  
     01183211  58921.3997337963  58921.3999884259 8192  38.730113  63.562001   0.014467 0 0 0 1 0 0 0 0 0 0  
  011833   58921.4002315972  58921.4448722149 11 /2020-03/comap-0011833-2020-03-13-093620.hd5 
     01183301  58921.4006134259  58921.4008796296 8192  38.527169  63.721899   0.013684 1 0 1 1 0 0 0 0 0 0  
     01183302  58921.4010771528  58921.4058868866 32768  37.870912  64.200486   0.429723 1 0 1 1 0 0 0 0 0 0  
     01183303  58921.4060483102  58921.4107190741 32768  36.542213  65.069349   0.426531 1 0 1 1 0 0 0 0 0 0  
     01183304  58921.4109152199  58921.4155454630 32768  35.123243  65.891537   0.426486 1 0 1 1 0 0 0 0 0 0  
     01183305  58921.4157473958  58921.4203777083 32768  33.543152  66.672086   0.425013 1 0 1 1 0 0 0 0 0 0  
     01183306  58921.4205738194  58921.4252097222 32768  31.866446  67.423956   0.423783 1 0 1 1 0 0 0 0 0 0  
     01183307  58921.4253885301  58921.4300418982 32768  29.997794  68.134251   0.422468 1 0 1 1 0 0 0 0 0 0  
     01183308  58921.4302032986  58921.4348684028 32768  28.015950  68.804546   0.421548 1 0 1 1 0 0 0 0 0 0  
     01183309  58921.4350703125  58921.4397005671 32768  25.785613  69.438683   0.421262 1 0 1 1 0 0 0 0 0 0  
     01183310  58921.4398909028  58921.4445328125 32768  23.462035  70.017505   0.420249 1 0 1 1 0 0 0 0 0 0  
     01183311  58921.4445891204  58921.4448437500 8192  22.156950  70.285471   0.008763 1 0 1 1 0 0 0 0 0 0  
  011837   58921.5724653935  58921.6171046223 11 /2020-03/comap-0011837-2020-03-13-134421.hd5 
     01183701  58921.5728414352  58921.5731076389 8192 318.740964  61.263748   0.014499 1 1 1 1 0 0 0 0 0 0  
     01183702  58921.5733171296  58921.5781204051 32768 318.281132  60.749856   0.436244 1 1 1 1 0 0 0 0 0 0  
     01183703  58921.5783055671  58921.5829525810 32768 317.496262  59.779126   0.436152 1 1 1 1 0 0 0 0 0 0  
     01183704  58921.5831146296  58921.5877847454 32768 316.839599  58.840578   0.437476 1 1 1 1 0 0 0 0 0 0  
     01183705  58921.5879351852  58921.5926111921 32768 316.259254  57.887045   0.439280 1 1 1 1 0 0 0 0 0 0  
     01183706  58921.5927847222  58921.5974376389 32768 315.757794  56.920570   0.440842 1 1 1 1 0 0 0 0 0 0  
     01183707  58921.5976111111  58921.6022754861 32768 315.313859  55.949696   0.441872 1 1 1 1 0 0 0 0 0 0  
     01183708  58921.6024317361  58921.6070959954 32768 314.938512  54.971064   0.444376 1 1 1 1 0 0 0 0 0 0  
     01183709  58921.6072753820  58921.6119340741 32768 314.631810  53.984082   0.445997 1 1 1 1 0 0 0 0 0 0  
     01183710  58921.6121018634  58921.6167662384 32768 314.369059  52.994623   0.448293 1 1 1 1 0 0 0 0 0 0  
     01183711  58921.6168229167  58921.6170775463 8192 314.262112  52.486786   0.025594 1 1 1 1 0 0 0 0 0 0  
  011838   58921.6173265046  58921.6619530018 11 /2020-03/comap-0011838-2020-03-13-144857.hd5 
     01183801  58921.6177025463  58921.6179687500 8192 314.225007  52.310833   0.015749 0 1 1 0 0 0 0 0 0 0  
     01183802  58921.6181668634  58921.6229755093 32768 314.127683  51.756884   0.452720 0 1 1 0 0 0 0 0 0 0  
     01183803  58921.6230974421  58921.6278076852 32768 313.960970  50.724109   0.453342 0 1 1 0 0 0 0 0 0 0  
     01183804  58921.6279759028  58921.6326340972 32768 313.861119  49.718801   0.454603 0 1 1 0 0 0 0 0 0 0  
     01183805  58921.6327964120  58921.6374661574 32768 313.804902  48.720456   0.455911 0 1 1 0 0 0 0 0 0 0  
     01183806  58921.6376287500  58921.6422983218 32768 313.772765  47.716903   0.458843 0 1 1 0 0 0 0 0 0 0  
     01183807  58921.6424376157  58921.6471190393 32768 313.804207  46.721886   0.460971 0 1 1 0 0 0 0 0 0 0  
     01183808  58921.6472872454  58921.6519570602 32768 313.856571  45.716131   0.463586 0 1 1 0 0 0 0 0 0 0  
     01183809  58921.6521252199  58921.6567891667 32768 313.941967  44.714344   0.465300 0 1 1 0 0 0 0 0 0 0  
     01183810  58921.6569227199  58921.6616155787 32768 314.056526  43.722368   0.468127 0 1 1 0 0 0 0 0 0 0  
     01183811  58921.6616724537  58921.6619270833 8192 314.132327  43.207241   0.027606 0 1 1 0 0 0 0 0 0 0  
  011839   58921.6625927083  58921.7071307784 11 /2020-03/comap-0011839-2020-03-13-155408.hd5 
     01183901  58921.6629629630  58921.6632291667 8192 314.174003  42.946835   0.015759 1 1 1 0 0 0 0 0 0 0  
     01183902  58921.6633400926  58921.6681495602 32768 314.255719  42.411068   0.472951 1 1 1 0 0 0 0 0 0 0  
     01183903  58921.6683053009  58921.6729816088 32768 314.450312  41.379712   0.472704 1 1 1 0 0 0 0 0 0 0  
     01183904  58921.6731316435  58921.6778080093 32768 314.660443  40.392911   0.474990 1 1 1 0 0 0 0 0 0 0  
     01183905  58921.6779639583  58921.6826402083 32768 314.899283  39.407269   0.478362 1 1 1 0 0 0 0 0 0 0  
     01183906  58921.6827844329  58921.6874723264 32768 315.161224  38.426207   0.479028 1 1 1 0 0 0 0 0 0 0  
     01183907  58921.6876108102  58921.6923045370 32768 315.446845  37.453700   0.481821 1 1 1 0 0 0 0 0 0 0  
     01183908  58921.6924429861  58921.6971310185 32768 315.758277  36.482401   0.484918 1 1 1 0 0 0 0 0 0 0  
     01183909  58921.6972868403  58921.7019632060 32768 316.091193  35.513517   0.486728 1 1 1 0 0 0 0 0 0 0  
     01183910  58921.7021016319  58921.7067953704 32768 316.442807  34.558821   0.488840 1 1 1 0 0 0 0 0 0 0  
     01183911  58921.7068518518  58921.7071064815 8192 316.630322  34.067950   0.024066 1 1 1 0 0 0 0 0 0 0   
  011856   58922.2596876157  58922.3042969830 11 /2020-03/comap-0011856-2020-03-14-061357.hd5 
     01185601  58922.2600578704  58922.2603240741 8192  44.062250  35.958259   0.015291 0 1 0 0 0 0 0 0 0 0  
     01185602  58922.2605162037  58922.2653193634 32  44.238912  36.495258   0.000278 0 1 0 0 0 0 0 0 0 0  
     01185603  58922.2654641667  58922.2701515509 32  44.556117  37.497508   0.000528 0 1 0 0 0 0 0 0 0 0  
     01185604  58922.2703077662  58922.2749838195 32  44.842174  38.476273   0.000941 0 1 0 0 0 0 0 0 0 0  
     01185605  58922.2751458449  58922.2798102083 32  45.106398  39.457975   0.000243 0 1 0 0 0 0 0 0 0 0  
     01185606  58922.2799722338  58922.2846366319 32  45.336398  40.441541   0.000247 0 1 0 0 0 0 0 0 0 0  
     01185607  58922.2847696875  58922.2894746181 32  45.547011  41.424002   0.001082 0 1 0 0 0 0 0 0 0 0  
     01185608  58922.2896134259  58922.2943009954 32  45.732116  42.419309   0.000210 0 1 0 0 0 0 0 0 0 0  
     01185609  58922.2944571875  58922.2991331366 32  45.890113  43.417215   0.001007 0 1 0 0 0 0 0 0 0 0  
     01185610  58922.2992835764  58922.3039595139 32  46.020100  44.413910   0.000199 0 1 0 0 0 0 0 0 0 0  
     01185611  58922.3040162037  58922.3042708333 8192  46.077551  44.923374   0.015484 0 1 0 0 0 0 0 0 0 0  
  011857   58922.3045140046  58922.3491041587 11 /2020-03/comap-0011857-2020-03-14-071830.hd5 
     01185701  58922.3048842593  58922.3051388889 8192  46.091758  45.102364   0.015134 1 0 0 1 0 0 0 0 0 0  
     01185702  58922.3053020023  58922.3101112269 32  46.127720  45.652123   0.001047 1 0 0 1 0 0 0 0 0 0  
     01185703  58922.3102904167  58922.3149376620 32  46.193918  46.692800   0.000230 1 0 0 1 0 0 0 0 0 0  
     01185704  58922.3151052430  58922.3197698032 32  46.207474  47.691166   0.000228 1 0 0 1 0 0 0 0 0 0  
     01185705  58922.3199547685  58922.3246019792 32  46.191226  48.696732   0.001068 1 0 0 1 0 0 0 0 0 0  
     01185706  58922.3247869560  58922.3294283796 32  46.119715  49.697887   0.000252 1 0 0 1 0 0 0 0 0 0  
     01185707  58922.3296133449  58922.3342605903 32  46.029673  50.696979   0.001020 1 0 0 1 0 0 0 0 0 0  
     01185708  58922.3344108102  58922.3390926157 32  45.886303  51.687273   0.001011 1 0 0 1 0 0 0 0 0 0  
     01185709  58922.3392313194  58922.3439133912 32  45.693278  52.680233   0.000277 1 0 0 1 0 0 0 0 0 0  
     01185710  58922.3440924190  58922.3487512847 32  45.445993  53.677907   0.000976 1 0 0 1 0 0 0 0 0 0  
     01185711  58922.3488078704  58922.3490625000 8192  45.311831  54.178429   0.016844 1 0 0 1 0 0 0 0 0 0  
  011858   58922.3494329861  58922.3940930485 11 /2020-03/comap-0011858-2020-03-14-082311.hd5 
     01185801  58922.3498148148  58922.3500810185 8192  45.247746  54.384356   0.015622 0 0 0 1 0 0 0 0 0 0  
     01185802  58922.3502847222  58922.3550879977 32  45.057109  54.933440   0.001081 0 0 0 1 0 0 0 0 0 0  
     01185803  58922.3552557986  58922.3599201620 32  44.670955  55.949141   0.000955 0 0 0 1 0 0 0 0 0 0  
     01185804  58922.3600763889  58922.3647523380 32  44.243304  56.919317   0.001103 0 0 0 1 0 0 0 0 0 0  
     01185805  58922.3649259722  58922.3695787500 32  43.732502  57.887131   0.000298 0 0 0 1 0 0 0 0 0 0  
     01185806  58922.3697523380  58922.3744109722 32  43.143514  58.840568   0.000997 0 0 0 1 0 0 0 0 0 0  
     01185807  58922.3745960764  58922.3792430787 32  42.483587  59.786503   0.001002 0 0 0 1 0 0 0 0 0 0  
     01185808  58922.3794051042  58922.3840694676 32  41.757812  60.713261   0.000299 0 0 0 1 0 0 0 0 0 0  
     01185809  58922.3842373148  58922.3889016667 32  40.902004  61.630701   0.000970 0 0 0 1 0 0 0 0 0 0  
     01185810  58922.3890983912  58922.3937281481 32  39.951295  62.536423   0.000256 0 0 0 1 0 0 0 0 0 0  
     01185811  58922.3937847222  58922.3940393518 8192  39.456855  62.979442   0.013872 0 0 0 1 0 0 0 0 0 0  
  011859   58922.3944214120  58922.4390793911 11 /2020-03/comap-0011859-2020-03-14-092758.hd5 
     01185901  58922.3948032407  58922.3950694444 8192  39.232716  63.166485   0.013890 1 0 1 1 0 0 0 0 0 0  
     01185902  58922.3952731481  58922.4000764120 32  38.601648  63.653093   0.001015 1 0 1 1 0 0 0 0 0 0  
     01185903  58922.4002499768  58922.4049086111 32  37.351325  64.540578   0.000995 1 0 1 1 0 0 0 0 0 0  
     01185904  58922.4050475116  58922.4097290857 32  36.069190  65.365047   0.000231 1 0 1 1 0 0 0 0 0 0  
     01185905  58922.4099216782  58922.4145671759 32  34.579899  66.174603   0.000982 1 0 1 1 0 0 0 0 0 0  
     01185906  58922.4147407407  58922.4193993171 32  32.986772  66.944998   0.000992 1 0 1 1 0 0 0 0 0 0  
     01185907  58922.4195903588  58922.4242257292 32  31.188990  67.685468   0.000201 1 0 1 1 0 0 0 0 0 0  
     01185908  58922.4244224884  58922.4290579167 32  29.294086  68.384970   0.000966 1 0 1 1 0 0 0 0 0 0  
     01185909  58922.4292546759  58922.4338900810 32  27.176911  69.042672   0.000946 1 0 1 1 0 0 0 0 0 0  
     01185910  58922.4340463079  58922.4387163542 32  24.970368  69.648903   0.000182 1 0 1 1 0 0 0 0 0 0  
     01185911  58922.4387731481  58922.4390393519 8192  23.761518  69.938979   0.010787 1 0 1 1 0 0 0 0 0 0  
  011863   58922.5667015046  58922.6130493201 11 /2020-03/comap-0011863-2020-03-14-133603.hd5 
     01186301  58922.5687847222  58922.5690509259 8192 318.977526  61.514728   0.014425 1 1 1 1 0 0 0 0 0 0  
     01186302  58922.5692661921  58922.5740695023 32 318.496718  61.001729   0.001002 1 1 1 1 0 0 0 0 0 0  
     01186303  58922.5742488079  58922.5789016667 32 317.699301  60.037892   0.001054 1 1 1 1 0 0 0 0 0 0  
     01186304  58922.5790694097  58922.5837281018 32 317.012947  59.099439   0.000290 1 1 1 1 0 0 0 0 0 0  
     01186305  58922.5839131597  58922.5885602662 32 316.407781  58.145287   0.001040 1 1 1 1 0 0 0 0 0 0  
     01186306  58922.5887164120  58922.5933925579 32 315.894369  57.189153   0.001090 1 1 1 1 0 0 0 0 0 0  
     01186307  58922.5935485995  58922.5982187963 32 315.432245  56.218843   0.000405 1 1 1 1 0 0 0 0 0 0  
     01186308  58922.5983865509  58922.6030509838 32 315.035559  55.240181   0.001510 1 1 1 1 0 0 0 0 0 0  
     01186309  58922.6032245255  58922.6078830671 32 314.708360  54.255315   0.000902 1 1 1 1 0 0 0 0 0 0  
     01186310  58922.6080450463  58922.6127094329 32 314.437938  53.268545   0.000734 1 1 1 1 0 0 0 0 0 0  
     01186311  58922.6127662037  58922.6130208333 8192 314.318877  52.765031   0.016148 1 1 1 1 0 0 0 0 0 0  
  011864   58922.6132640046  58922.6579474469 11 /2020-03/comap-0011864-2020-03-14-144306.hd5 
     01186401  58922.6136400463  58922.6139062500 8192 314.281528  52.584847   0.015692 0 1 1 0 0 0 0 0 0 0  
     01186402  58922.6141041667  58922.6189073380 32 314.166024  52.031106   0.002197 0 1 1 0 0 0 0 0 0 0  
     01186403  58922.6190635532  58922.6237395486 32 314.005299  50.999634   0.000972 0 1 1 0 0 0 0 0 0 0  
     01186404  58922.6240461921  58922.6285659838 32 313.885145  49.969105   0.001427 0 1 1 0 0 0 0 0 0 0  
     01186405  58922.6287395833  58922.6333981829 32 313.816549  48.996457   0.001627 0 1 1 0 0 0 0 0 0 0  
     01186406  58922.6335717593  58922.6382303819 32 313.788814  47.994579   0.001631 0 1 1 0 0 0 0 0 0 0  
     01186407  58922.6384155093  58922.6430567361 32 313.800881  46.990336   0.002505 0 1 1 0 0 0 0 0 0 0  
     01186408  58922.6432361111  58922.6478831366 32 313.838086  45.991389   0.000825 0 1 1 0 0 0 0 0 0 0  
     01186409  58922.6480567477  58922.6527153125 32 313.916743  44.993085   0.003574 0 1 1 0 0 0 0 0 0 0  
     01186410  58922.6528889005  58922.6575475116 32 314.019937  43.994328   0.002034 0 1 1 0 0 0 0 0 0 0  
     01186411  58922.6576041667  58922.6578587963 8192 314.094478  43.487051   0.017958 0 1 1 0 0 0 0 0 0 0  
  011865   58922.6582871528  58922.7028530010 11 /2020-03/comap-0011865-2020-03-14-154756.hd5 
     01186501  58922.6586574074  58922.6589236111 8192 314.124983  43.271039   0.015872 1 1 1 0 0 0 0 0 0 0  
     01186502  58922.6590578704  58922.6638611458 32 314.204929  42.728687   0.002198 1 1 1 0 0 0 0 0 0 0  
     01186503  58922.6640173611  58922.6686932060 32 314.385675  41.702074   0.001385 1 1 1 0 0 0 0 0 0 0  
     01186504  58922.6688552315  58922.6735196991 32 314.586768  40.711102   0.001197 1 1 1 0 0 0 0 0 0 0  
     01186505  58922.6736932870  58922.6783518750 32 314.819281  39.723020   0.001598 1 1 1 0 0 0 0 0 0 0  
     01186506  58922.6785543981  58922.6831840625 32 315.072437  38.735581   0.002554 1 1 1 0 0 0 0 0 0 0  
     01186507  58922.6833402778  58922.6880046644 32 315.353559  37.766885   0.000775 1 1 1 0 0 0 0 0 0 0  
     01186508  58922.6881898495  58922.6928425232 32 315.656473  36.790832   0.001410 1 1 1 0 0 0 0 0 0 0  
     01186509  58922.6929813889  58922.6976748264 32 315.976980  35.831643   0.002041 1 1 1 0 0 0 0 0 0 0  
     01186510  58922.6978426042  58922.7025070023 32 316.326158  34.864682   0.001625 1 1 1 0 0 0 0 0 0 0  
     01186511  58922.7025636574  58922.7028182870 8192 316.509489  34.376414   0.019954 1 1 1 0 0 0 0 0 0 0  
  011884   58923.2562038194  58923.3012997670 11 /2020-03/comap-0011884-2020-03-15-060856.hd5 
     01188401  58923.2570833333  58923.2573379630 8192  44.044902  35.907340   0.014730 0 1 0 0 0 0 0 0 0 0  
     01188402  58923.2575127315  58923.2623160417 32768  44.219958  36.440223   0.486869 0 1 0 0 0 0 0 0 0 0  
     01188403  58923.2624375116  58923.2671480787 32768  44.540575  37.430336   0.481894 0 1 0 0 0 0 0 0 0 0  
     01188404  58923.2672813079  58923.2719803704 32768  44.826550  38.411067   0.479317 0 1 0 0 0 0 0 0 0 0  
     01188405  58923.2721075463  58923.2768067361 32768  45.085844  39.390696   0.478118 0 1 0 0 0 0 0 0 0 0  
     01188406  58923.2769629745  58923.2816389120 32768  45.327127  40.380944   0.475247 0 1 0 0 0 0 0 0 0 0  
     01188407  58923.2818240741  58923.2864711227 32768  45.539819  41.377068   0.473311 0 1 0 0 0 0 0 0 0 0  
     01188408  58923.2865810185  58923.2912974884 32768  45.722395  42.350187   0.470923 0 1 0 0 0 0 0 0 0 0  
     01188409  58923.2914074306  58923.2961296759 32768  45.875926  43.343124   0.469737 0 1 0 0 0 0 0 0 0 0  
     01188410  58923.2962800926  58923.3009618403 32768  46.012301  44.353209   0.466703 0 1 0 0 0 0 0 0 0 0  
     01188411  58923.3010185185  58923.3012731482 8192  46.070757  44.867373   0.015471 0 1 0 0 0 0 0 0 0 0  
  011885   58923.3015278935  58923.3466553230 11 /2020-03/comap-0011885-2020-03-15-071412.hd5 
     01188501  58923.3024768519  58923.3027488426 8192  46.097940  45.170235   0.016158 1 0 0 1 0 0 0 0 0 0  
     01188502  58923.3028658102  58923.3076688310 32768  46.132712  45.712750   0.465800 1 0 0 1 0 0 0 0 0 0  
     01188503  58923.3077557755  58923.3125011343 32768  46.190004  46.728271   0.461770 1 0 0 1 0 0 0 0 0 0  
     01188504  58923.3126401505  58923.3173333102 32768  46.187994  47.741093   0.459276 1 0 0 1 0 0 0 0 0 0  
     01188505  58923.3175012384  58923.3221596759 32768  46.181993  48.752704   0.456697 1 0 0 1 0 0 0 0 0 0  
     01188506  58923.3223565625  58923.3269918634 32768  46.114839  49.760344   0.455753 1 0 0 1 0 0 0 0 0 0  
     01188507  58923.3270730208  58923.3318240509 32768  46.020732  50.730745   0.452324 1 0 0 1 0 0 0 0 0 0  
     01188508  58923.3319803935  58923.3366446412 32768  45.883848  51.746803   0.450711 1 0 0 1 0 0 0 0 0 0  
     01188509  58923.3367662847  58923.3414826389 32768  45.679473  52.729182   0.449257 1 0 0 1 0 0 0 0 0 0  
     01188510  58923.3416737153  58923.3463146644 32768  45.425560  53.740708   0.447066 1 0 0 1 0 0 0 0 0 0  
     01188511  58923.3463715278  58923.3466261574 8192  45.295428  54.236503   0.015986 1 0 0 1 0 0 0 0 0 0  
  011886   58923.3468751157  58923.3920828703 11 /2020-03/comap-0011886-2020-03-15-081930.hd5 
     01188601  58923.3478645833  58923.3481250000 8192  45.197203  54.542622   0.015409 0 0 0 1 0 0 0 0 0 0  
     01188602  58923.3482993518  58923.3531033565 32768  44.995428  55.085857   0.446649 0 0 0 1 0 0 0 0 0 0  
     01188603  58923.3532184259  58923.3579355324 32768  44.610606  56.083474   0.442994 0 0 0 1 0 0 0 0 0 0  
     01188604  58923.3581143056  58923.3627619329 32768  44.166307  57.070391   0.440175 0 0 0 1 0 0 0 0 0 0  
     01188605  58923.3629290625  58923.3675940972 32768  43.641150  58.030037   0.438889 0 0 0 1 0 0 0 0 0 0  
     01188606  58923.3677670486  58923.3724262731 32768  43.044951  58.985681   0.438327 0 0 0 1 0 0 0 0 0 0  
     01188607  58923.3725586111  58923.3772584491 32768  42.383043  59.917807   0.439058 0 0 0 1 0 0 0 0 0 0  
     01188608  58923.3774197106  58923.3820847569 32768  41.632693  60.852366   0.437192 0 0 0 1 0 0 0 0 0 0  
     01188609  58923.3822576968  58923.3869170486 32768  40.756063  61.769330   0.434122 0 0 0 1 0 0 0 0 0 0  
     01188610  58923.3870840741  58923.3917434144 32768  39.813174  62.667496   0.431106 0 0 0 1 0 0 0 0 0 0  
     01188611  58923.3917997685  58923.3920543982 8192  39.292532  63.114361   0.014808 0 0 0 1 0 0 0 0 0 0  
  011887   58923.3923033565  58923.4375013887 11 /2020-03/comap-0011887-2020-03-15-092455.hd5 
     01188701  58923.3932407407  58923.3935069444 8192  38.970702  63.377802   0.013781 1 0 1 1 0 0 0 0 0 0  
     01188702  58923.3937166088  58923.3985195718 32768  38.322563  63.862329   0.431108 1 0 1 1 0 0 0 0 0 0  
     01188703  58923.3986876505  58923.4033517477 32768  37.053400  64.740980   0.427823 1 0 1 1 0 0 0 0 0 0  
     01188704  58923.4035545370  58923.4081839120 32768  35.707643  65.573951   0.427963 1 0 1 1 0 0 0 0 0 0  
     01188705  58923.4083521065  58923.4130103704 32768  34.196070  66.362053   0.424743 1 0 1 1 0 0 0 0 0 0  
     01188706  58923.4131956597  58923.4178424768 32768  32.563253  67.127701   0.423554 1 0 1 1 0 0 0 0 0 0  
     01188707  58923.4180395023  58923.4226746875 32768  30.731602  67.860124   0.423540 1 0 1 1 0 0 0 0 0 0  
     01188708  58923.4228601273  58923.4275010417 32768  28.804208  68.550040   0.422583 1 0 1 1 0 0 0 0 0 0  
     01188709  58923.4275881366  58923.4323332292 32768  26.729939  69.175159   0.420085 1 0 1 1 0 0 0 0 0 0  
     01188710  58923.4324839699  58923.4371653009 32768  24.404432  69.787944   0.420188 1 0 1 1 0 0 0 0 0 0  
     01188711  58923.4372222222  58923.4374768519 8192  23.130770  70.073847   0.009433 1 0 1 1 0 0 0 0 0 0  
  011891   58923.5648728009  58923.6095171224 11 /2020-03/comap-0011891-2020-03-15-133325.hd5 
     01189101  58923.5652546296  58923.5655208333 8192 319.123799  61.665260   0.014388 1 1 1 1 0 0 0 0 0 0  
     01189102  58923.5657186690  58923.5705220139 32768 318.631392  61.157468   0.437102 1 1 1 1 0 0 0 0 0 0  
     01189103  58923.5707127778  58923.5753541782 32768 317.825680  60.194807   0.437204 1 1 1 1 0 0 0 0 0 0  
     01189104  58923.5754986574  58923.5801805787 32768 317.135352  59.261440   0.439268 1 1 1 1 0 0 0 0 0 0  
     01189105  58923.5803425231  58923.5850127431 32768 316.500611  58.306689   0.440638 1 1 1 1 0 0 0 0 0 0  
     01189106  58923.5851753935  58923.5898450463 32768 315.972608  57.350012   0.442609 1 1 1 1 0 0 0 0 0 0  
     01189107  58923.5900126389  58923.5946714120 32768 315.508115  56.378585   0.445894 1 1 1 1 0 0 0 0 0 0  
     01189108  58923.5948390509  58923.5995035764 32768 315.099829  55.404542   0.446043 1 1 1 1 0 0 0 0 0 0  
     01189109  58923.5996769907  58923.6043299884 32768 314.756048  54.420167   0.445627 1 1 1 1 0 0 0 0 0 0  
     01189110  58923.6044860185  58923.6091621644 32768 314.478779  53.435966   0.451017 1 1 1 1 0 0 0 0 0 0  
     01189111  58923.6092187500  58923.6094733796 8192 314.358105  52.930156   0.021242 1 1 1 1 0 0 0 0 0 0  
  011892   58923.6098380787  58923.6544305476 11 /2020-03/comap-0011892-2020-03-15-143810.hd5 
     01189201  58923.6102083333  58923.6104629630 8192 314.313097  52.730363   0.016373 0 1 1 0 0 0 0 0 0 0  
     01189202  58923.6106317361  58923.6154413657 32768 314.194675  52.184689   0.455662 0 1 1 0 0 0 0 0 0 0  
     01189203  58923.6156201736  58923.6202733912 32768 314.027643  51.144899   0.455040 0 1 1 0 0 0 0 0 0 0  
     01189204  58923.6204118518  58923.6250997685 32768 313.907512  50.153048   0.456489 0 1 1 0 0 0 0 0 0 0  
     01189205  58923.6252671528  58923.6299319445 32768 313.825661  49.150003   0.459529 0 1 1 0 0 0 0 0 0 0  
     01189206  58923.6300828588  58923.6347641320 32768 313.790921  48.148679   0.461776 0 1 1 0 0 0 0 0 0 0  
     01189207  58923.6349604398  58923.6395963079 32768 313.796739  47.139217   0.463168 0 1 1 0 0 0 0 0 0 0  
     01189208  58923.6397528241  58923.6444225810 32768 313.834424  46.145514   0.463866 0 1 1 0 0 0 0 0 0 0  
     01189209  58923.6445668287  58923.6492548380 32768 313.902051  45.145588   0.468516 0 1 1 0 0 0 0 0 0 0  
     01189210  58923.6493185995  58923.6540870486 32768 314.001810  44.162937   0.469596 0 1 1 0 0 0 0 0 0 0  
     01189211  58923.6541435185  58923.6543981481 8192 314.074362  43.636022   0.023332 0 1 1 0 0 0 0 0 0 0  
  011893   58923.6546413194  58923.6991962879 11 /2020-03/comap-0011893-2020-03-15-154241.hd5 
     01189301  58923.6550231481  58923.6552893519 8192 314.098320  43.457179   0.015686 1 1 1 0 0 0 0 0 0 0  
     01189302  58923.6554119907  58923.6602153472 32768 314.176215  42.918933   0.474126 1 1 1 0 0 0 0 0 0 0  
     01189303  58923.6603772685  58923.6650475231 32768 314.353548  41.884022   0.474157 1 1 1 0 0 0 0 0 0 0  
     01189304  58923.6651978820  58923.6698739120 32768 314.549710  40.898176   0.478286 1 1 1 0 0 0 0 0 0 0  
     01189305  58923.6700300463  58923.6747060995 32768 314.771800  39.908389   0.481090 1 1 1 0 0 0 0 0 0 0  
     01189306  58923.6748680093  58923.6795382755 32768 315.022306  38.925379   0.482691 1 1 1 0 0 0 0 0 0 0  
     01189307  58923.6796596991  58923.6843646991 32768 315.294689  37.953728   0.486061 1 1 1 0 0 0 0 0 0 0  
     01189308  58923.6845324306  58923.6891968634 32768 315.595646  36.970810   0.486094 1 1 1 0 0 0 0 0 0 0  
     01189309  58923.6894976620  58923.6940290509 32768 315.929809  35.975449   0.491617 1 1 1 0 0 0 0 0 0 0  
     01189310  58923.6941503241  58923.6988553935 32768 316.255990  35.049685   0.493118 1 1 1 0 0 0 0 0 0 0  
     01189311  58923.6989120370  58923.6991666667 8192 316.440121  34.558776   0.018798 1 1 1 0 0 0 0 0 0 0  
  011913   58925.2502431713  58925.2948837890 11 /2020-03/comap-0011913-2020-03-17-060021.hd5 
     01191301  58925.2506250000  58925.2508912037 8192  43.975958  35.710351   0.015246 1 1 0 0 0 0 0 0 0 0  
     01191302  58925.2510891320  58925.2558924190 32  44.155234  36.247650   0.001053 1 1 0 0 0 0 0 0 0 0  
     01191303  58925.2560370718  58925.2607245949 32  44.484778  37.249462   0.000985 1 1 0 0 0 0 0 0 0 0  
     01191304  58925.2608924074  58925.2655509606 32  44.773017  38.228197   0.000322 1 1 0 0 0 0 0 0 0 0  
     01191305  58925.2657013889  58925.2703831944 32  45.037753  39.203299   0.000898 1 1 0 0 0 0 0 0 0 0  
     01191306  58925.2705393519  58925.2752096180 32  45.280571  40.188695   0.000980 1 1 0 0 0 0 0 0 0 0  
     01191307  58925.2755798958  58925.2800417014 32  45.505750  41.218615   0.001531 1 1 0 0 0 0 0 0 0 0  
     01191308  58925.2802152894  58925.2848738773 32  45.683604  42.170060   0.001540 1 1 0 0 0 0 0 0 0 0  
     01191309  58925.2850532523  58925.2897002662 32  45.850516  43.165544   0.002179 1 1 0 0 0 0 0 0 0 0  
     01191310  58925.2898102199  58925.2945323380 32  45.987730  44.147994   0.000570 1 1 0 0 0 0 0 0 0 0  
     01191311  58925.2945891204  58925.2948437500 8192  46.049904  44.667598   0.017401 1 1 0 0 0 0 0 0 0 0  
  011914   58925.2952200231  58925.3397717508 11 /2020-03/comap-0011914-2020-03-17-070507.hd5 
     01191401  58925.2955960648  58925.2958622685 8192  46.070593  44.876193   0.015808 0 0 0 1 0 0 0 0 0 0  
     01191402  58925.2959732986  58925.3007882292 32  46.108692  45.418513   0.001106 0 0 0 1 0 0 0 0 0 0  
     01191403  58925.3009387268  58925.3056204051 32  46.176540  46.451813   0.001128 0 0 0 1 0 0 0 0 0 0  
     01191404  58925.3057766319  58925.3104467940 32  46.206548  47.454882   0.001139 0 0 0 1 0 0 0 0 0 0  
     01191405  58925.3106146643  58925.3152790625 32  46.197763  48.457872   0.001161 0 0 0 1 0 0 0 0 0 0  
     01191406  58925.3154467708  58925.3201053125 32  46.141465  49.459764   0.000408 0 0 0 1 0 0 0 0 0 0  
     01191407  58925.3202731134  58925.3249375232 32  46.052292  50.458614   0.000975 0 0 0 1 0 0 0 0 0 0  
     01191408  58925.3250416667  58925.3297697107 32  45.924664  51.443219   0.000983 0 0 0 1 0 0 0 0 0 0  
     01191409  58925.3298912037  58925.3345961227 32  45.742111  52.443918   0.000390 0 0 0 1 0 0 0 0 0 0  
     01191410  58925.3347118171  58925.3394282755 32  45.513579  53.433283   0.001082 0 0 0 1 0 0 0 0 0 0  
     01191411  58925.3394849537  58925.3397395833 8192  45.376794  53.946767   0.016674 0 0 0 1 0 0 0 0 0 0  
  011915   58925.3401042824  58925.3847256869 11 /2020-03/comap-0011915-2020-03-17-080945.hd5 
     01191501  58925.3404861111  58925.3407523148 8192  45.318733  54.151749   0.015643 1 0 0 1 0 0 0 0 0 0  
     01191502  58925.3409385764  58925.3457420255 32  45.139753  54.699092   0.000965 1 0 0 1 0 0 0 0 0 0  
     01191503  58925.3459212037  58925.3505742130 32  44.764265  55.717659   0.000838 1 0 0 1 0 0 0 0 0 0  
     01191504  58925.3507244445  58925.3554006018 32  44.350620  56.685979   0.000355 1 0 0 1 0 0 0 0 0 0  
     01191505  58925.3555566204  58925.3602328588 32  43.860449  57.652484   0.000990 1 0 0 1 0 0 0 0 0 0  
     01191506  58925.3603945949  58925.3650648495 32  43.300343  58.610981   0.000917 1 0 0 1 0 0 0 0 0 0  
     01191507  58925.3652440278  58925.3698913657 32  42.645937  59.560429   0.000357 1 0 0 1 0 0 0 0 0 0  
     01191508  58925.3700647107  58925.3747235069 32  41.932942  60.492977   0.000992 1 0 0 1 0 0 0 0 0 0  
     01191509  58925.3748911343  58925.3795556829 32  41.116688  61.412604   0.000977 1 0 0 1 0 0 0 0 0 0  
     01191510  58925.3797233102  58925.3843820833 32  40.203745  62.317303   0.000290 1 0 0 1 0 0 0 0 0 0  
     01191511  58925.3844386574  58925.3846932870 8192  39.702624  62.767665   0.013954 1 0 0 1 0 0 0 0 0 0  
  011916   58925.3849422454  58925.4295851779 11 /2020-03/comap-0011916-2020-03-17-091419.hd5 
     01191601  58925.3853240741  58925.3855902778 8192  39.514028  62.931359   0.013986 0 0 1 1 0 0 0 0 0 0  
     01191602  58925.3857939931  58925.3905971528 32  38.909037  63.422032   0.000246 0 0 1 1 0 0 0 0 0 0  
     01191603  58925.3907939005  58925.3954351157 32  37.677812  64.318838   0.000575 0 0 1 1 0 0 0 0 0 0  
     01191604  58925.3956146296  58925.4002615972 32  36.408748  65.153264   0.000217 0 0 1 1 0 0 0 0 0 0  
     01191605  58925.4004467477  58925.4050937732 32  34.976921  65.964031   0.000955 0 0 1 1 0 0 0 0 0 0  
     01191606  58925.4052615856  58925.4099259607 32  33.439841  66.742147   0.000902 0 0 1 1 0 0 0 0 0 0  
     01191607  58925.4101053356  58925.4147523495 32  31.690228  67.491208   0.000220 0 0 1 1 0 0 0 0 0 0  
     01191608  58925.4149490856  58925.4195844213 32  29.827649  68.202967   0.000605 0 0 1 1 0 0 0 0 0 0  
     01191609  58925.4197927431  58925.4244167130 32  27.745846  68.873887   0.000946 0 0 1 1 0 0 0 0 0 0  
     01191610  58925.4246250116  58925.4292430903 32  25.564556  69.497204   0.000202 0 0 1 1 0 0 0 0 0 0  
     01191611  58925.4292997685  58925.4295543981 8192  24.406808  69.787418   0.010891 0 0 1 1 0 0 0 0 0 0  
  011920   58925.5613079861  58925.6076456163 11 /2020-03/comap-0011920-2020-03-17-132817.hd5 
     01192001  58925.5633854167  58925.5636516204 8192 318.488753  60.985706   0.014576 0 1 1 1 0 0 0 0 0 0  
     01192002  58925.5638611111  58925.5686701620 32 318.036729  60.467903   0.000928 0 1 1 1 0 0 0 0 0 0  
     01192003  58925.5688610995  58925.5734965509 32 317.284662  59.493676   0.000913 0 1 1 1 0 0 0 0 0 0  
     01192004  58925.5736759259  58925.5783287269 32 316.655967  58.549636   0.000914 0 1 1 1 0 0 0 0 0 0  
     01192005  58925.5785196759  58925.5831551042 32 316.104511  57.589613   0.000281 0 1 1 1 0 0 0 0 0 0  
     01192006  58925.5833518634  58925.5879872917 32 315.605597  56.622631   0.000947 0 1 1 1 0 0 0 0 0 0  
     01192007  58925.5881782523  58925.5928194560 32 315.193030  55.649187   0.000903 0 1 1 1 0 0 0 0 0 0  
     01192008  58925.5930046296  58925.5976458449 32 314.838899  54.668998   0.000290 0 1 1 1 0 0 0 0 0 0  
     01192009  58925.5978368056  58925.6024780787 32 314.548856  53.682219   0.000934 0 1 1 1 0 0 0 0 0 0  
     01192010  58925.6026632176  58925.6073102083 32 314.298708  52.691948   0.000948 0 1 1 1 0 0 0 0 0 0  
     01192011  58925.6073668981  58925.6076215278 8192 314.201880  52.190826   0.015695 0 1 1 1 0 0 0 0 0 0  
  011921   58925.6078704861  58925.6524939739 11 /2020-03/comap-0011921-2020-03-17-143520.hd5 
     01192101  58925.6082465278  58925.6085127315 8192 314.167596  52.009182   0.015773 1 1 1 0 0 0 0 0 0 0  
     01192102  58925.6087106713  58925.6135196759 32 314.068043  51.451964   0.000965 1 1 1 0 0 0 0 0 0 0  
     01192103  58925.6137046875  58925.6183519444 32 313.931865  50.413958   0.000938 1 1 1 0 0 0 0 0 0 0  
     01192104  58925.6185137153  58925.6231782407 32 313.843129  49.418298   0.000306 1 1 1 0 0 0 0 0 0 0  
     01192105  58925.6233401042  58925.6280104051 32 313.800679  48.417910   0.000656 1 1 1 0 0 0 0 0 0 0  
     01192106  58925.6281549653  58925.6328426736 32 313.790158  47.419524   0.000979 1 1 1 0 0 0 0 0 0 0  
     01192107  58925.6329871991  58925.6376690856 32 313.816765  46.417886   0.000316 1 1 1 0 0 0 0 0 0 0  
     01192108  58925.6378251736  58925.6425012616 32 313.877057  45.415833   0.000990 1 1 1 0 0 0 0 0 0 0  
     01192109  58925.6426226389  58925.6473334259 32 313.971849  44.423753   0.001005 1 1 1 0 0 0 0 0 0 0  
     01192110  58925.6475126620  58925.6521598264 32 314.099918  43.412984   0.000321 1 1 1 0 0 0 0 0 0 0  
     01192111  58925.6522106481  58925.6524652778 8192 314.179172  42.910396   0.017624 1 1 1 0 0 0 0 0 0 0  
  011922   58925.6528936343  58925.6974224450 11 /2020-03/comap-0011922-2020-03-17-154010.hd5 
     01192201  58925.6532638889  58925.6535300926 8192 314.214349  42.694891   0.015752 0 1 1 0 0 0 0 0 0 0  
     01192202  58925.6536468634  58925.6584504051 32 314.299562  42.158428   0.000338 0 1 1 0 0 0 0 0 0 0  
     01192203  58925.6586295486  58925.6632824769 32 314.502517  41.127324   0.001023 0 1 1 0 0 0 0 0 0 0  
     01192204  58925.6634500579  58925.6681147222 32 314.718503  40.141930   0.001042 0 1 1 0 0 0 0 0 0 0  
     01192205  58925.6682359954  58925.6729411574 32 314.962308  39.167066   0.000360 0 1 1 0 0 0 0 0 0 0  
     01192206  58925.6730450231  58925.6777733449 32 315.235108  38.192239   0.001097 0 1 1 0 0 0 0 0 0 0  
     01192207  58925.6779408680  58925.6825996875 32 315.525957  37.204125   0.000351 0 1 1 0 0 0 0 0 0 0  
     01192208  58925.6827672917  58925.6874260764 32 315.840600  36.235787   0.000330 0 1 1 0 0 0 0 0 0 0  
     01192209  58925.6875878935  58925.6922639236 32 316.179098  35.273756   0.001176 0 1 1 0 0 0 0 0 0 0  
     01192210  58925.6924083565  58925.6970846181 32 316.533281  34.318329   0.000333 0 1 1 0 0 0 0 0 0 0  
     01192211  58925.6971412037  58925.6973958333 8192 316.732999  33.833762   0.015557 0 1 1 0 0 0 0 0 0 0  
  011940   58926.2514005787  58926.2960076312 11 /2020-03/comap-0011940-2020-03-18-060201.hd5 
     01194001  58926.2517766204  58926.2520370370 8192  44.239975  36.484978   0.014993 0 1 0 0 0 0 0 0 0 0  
     01194002  58926.2522118634  58926.2570208565 32768  44.406932  37.022153   0.485190 0 1 0 0 0 0 0 0 0 0  
     01194003  58926.2571828820  58926.2618531366 32768  44.714646  38.025424   0.480266 0 1 0 0 0 0 0 0 0 0  
     01194004  58926.2620093982  58926.2666852778 32768  44.983178  39.005130   0.478090 0 1 0 0 0 0 0 0 0 0  
     01194005  58926.2668530440  58926.2715115278 32768  45.234648  39.991964   0.475712 0 1 0 0 0 0 0 0 0 0  
     01194006  58926.2716851968  58926.2763438310 32768  45.456140  40.979115   0.473265 0 1 0 0 0 0 0 0 0 0  
     01194007  58926.2765174306  58926.2811759838 32768  45.657855  41.967178   0.470528 0 1 0 0 0 0 0 0 0 0  
     01194008  58926.2813090509  58926.2860023843 32768  45.826883  42.954677   0.469547 0 1 0 0 0 0 0 0 0 0  
     01194009  58926.2861586111  58926.2908345486 32768  45.967136  43.955412   0.467158 0 1 0 0 0 0 0 0 0 0  
     01194010  58926.2910081713  58926.2956667130 32768  46.072020  44.956986   0.464055 0 1 0 0 0 0 0 0 0 0  
     01194011  58926.2957233796  58926.2959780093 8192  46.120101  45.466627   0.015344 0 1 0 0 0 0 0 0 0 0  
  011941   58926.2962269676  58926.3411199033 11 /2020-03/comap-0011941-2020-03-18-070634.hd5 
     01194101  58926.2969791667  58926.2972395833 8192  46.140956  45.726767   0.015512 1 0 0 0 0 0 0 0 0 0  
     01194102  58926.2973391319  58926.3021424074 32768  46.171092  46.265756   0.464558 1 0 0 0 0 0 0 0 0 0  
     01194103  58926.3022638889  58926.3069745602 32768  46.198944  47.286043   0.460381 1 0 0 0 0 0 0 0 0 0  
     01194104  58926.3071248958  58926.3118009491 32768  46.194395  48.296766   0.457343 1 0 0 0 0 0 0 0 0 0  
     01194105  58926.3119861111  58926.3166331366 32768  46.156523  49.307756   0.455481 1 0 0 0 0 0 0 0 0 0  
     01194106  58926.3167893981  58926.3214596181 32768  46.075726  50.300551   0.453899 1 0 0 0 0 0 0 0 0 0  
     01194107  58926.3216099653  58926.3262859259 32768  45.948812  51.295733   0.451748 1 0 0 0 0 0 0 0 0 0  
     01194108  58926.3264421296  58926.3311239468 32768  45.770000  52.292557   0.449744 1 0 0 0 0 0 0 0 0 0  
     01194109  58926.3312974537  58926.3359559491 32768  45.545998  53.291991   0.447507 1 0 0 0 0 0 0 0 0 0  
     01194110  58926.3361239120  58926.3407824769 32768  45.278897  54.278712   0.445473 1 0 0 0 0 0 0 0 0 0  
     01194111  58926.3408391204  58926.3410937500 8192  45.121478  54.777708   0.016600 1 0 0 0 0 0 0 0 0 0  
  011942   58926.3413427083  58926.3860013818 11 /2020-03/comap-0011942-2020-03-18-081132.hd5 
     01194201  58926.3417071759  58926.3419618056 8192  45.058278  54.955731   0.014879 0 0 0 1 0 0 0 0 0 0  
     01194202  58926.3421596875  58926.3469688079 32768  44.853202  55.505004   0.446410 0 0 0 1 0 0 0 0 0 0  
     01194203  58926.3471654977  58926.3517951968 32768  44.434874  56.520365   0.442339 0 0 0 1 0 0 0 0 0 0  
     01194204  58926.3519860880  58926.3566273727 32768  43.943760  57.483873   0.440062 0 0 0 1 0 0 0 0 0 0  
     01194205  58926.3568067245  58926.3614595486 32768  43.398185  58.440002   0.437778 0 0 0 1 0 0 0 0 0 0  
     01194206  58926.3616562269  58926.3662858333 32768  42.777121  59.394105   0.438094 0 0 0 1 0 0 0 0 0 0  
     01194207  58926.3664767361  58926.3711181134 32768  42.070195  60.327415   0.435122 0 0 0 1 0 0 0 0 0 0  
     01194208  58926.3713090509  58926.3759502893 32768  41.259010  61.251276   0.433850 0 0 0 1 0 0 0 0 0 0  
     01194209  58926.3761469907  58926.3807767130 32768  40.364747  62.159569   0.432763 0 0 0 1 0 0 0 0 0 0  
     01194210  58926.3809675810  58926.3856087500 32768  39.381119  63.047927   0.430660 0 0 0 1 0 0 0 0 0 0  
     01194211  58926.3856655093  58926.3859201389 8192  38.829276  63.486769   0.014258 0 0 0 1 0 0 0 0 0 0  
  011943   58926.3863311343  58926.4309777705 11 /2020-03/comap-0011943-2020-03-18-091619.hd5 
     01194301  58926.3867013889  58926.3869675926 8192  38.588656  63.674836   0.013720 1 0 1 1 0 0 0 0 0 0  
     01194302  58926.3871655555  58926.3919687732 32768  37.933806  64.152747   0.430258 1 0 1 1 0 0 0 0 0 0  
     01194303  58926.3921655093  58926.3967951852 32768  36.611196  65.031421   0.428068 1 0 1 1 0 0 0 0 0 0  
     01194304  58926.3969919444  58926.4016273611 32768  35.210518  65.845386   0.426116 1 0 1 1 0 0 0 0 0 0  
     01194305  58926.4018299537  58926.4064595255 32768  33.632074  66.630611   0.425475 1 0 1 1 0 0 0 0 0 0  
     01194306  58926.4066562500  58926.4112915741 32768  31.963514  67.381781   0.424396 1 0 1 1 0 0 0 0 0 0  
     01194307  58926.4114767477  58926.4161238889 32768  30.098215  68.096823   0.422416 1 0 1 1 0 0 0 0 0 0  
     01194308  58926.4162858796  58926.4209502662 32768  28.129863  68.768226   0.422026 1 0 1 1 0 0 0 0 0 0  
     01194309  58926.4211585880  58926.4257824769 32768  25.906774  69.403620   0.421308 1 0 1 1 0 0 0 0 0 0  
     01194310  58926.4259039583  58926.4306146181 32768  23.608779  69.971887   0.420237 1 0 1 1 0 0 0 0 0 0  
     01194311  58926.4306712963  58926.4309375000 8192  22.290930  70.256709   0.009125 1 0 1 1 0 0 0 0 0 0  
  011947   58926.5581598380  58926.6029486057 11 /2020-03/comap-0011947-2020-03-18-132345.hd5 
     01194701  58926.5585300926  58926.5587962963 8192 318.858269  61.389064   0.014454 1 1 1 1 0 0 0 0 0 0  
     01194702  58926.5590054861  58926.5638094560 32768 318.390557  60.876024   0.436016 1 1 1 1 0 0 0 0 0 0  
     01194703  58926.5639823611  58926.5686415278 32768 317.596950  59.908600   0.434914 1 1 1 1 0 0 0 0 0 0  
     01194704  58926.5688029861  58926.5734737037 32768 316.926302  58.969666   0.437486 1 1 1 1 0 0 0 0 0 0  
     01194705  58926.5736061690  58926.5783001042 32768 316.331866  58.018983   0.438949 1 1 1 1 0 0 0 0 0 0  
     01194706  58926.5784846528  58926.5831321759 32768 315.821616  57.051149   0.440919 1 1 1 1 0 0 0 0 0 0  
     01194707  58926.5832936806  58926.5879644444 32768 315.372133  56.083353   0.442550 1 1 1 1 0 0 0 0 0 0  
     01194708  58926.5881316435  58926.5927908449 32768 314.984987  55.102643   0.443797 1 1 1 1 0 0 0 0 0 0  
     01194709  58926.5929522917  58926.5976230208 32768 314.669176  54.120652   0.446391 1 1 1 1 0 0 0 0 0 0  
     01194710  58926.5977844329  58926.6024551852 32768 314.405845  53.131497   0.448121 1 1 1 1 0 0 0 0 0 0  
     01194711  58926.6025115741  58926.6029340278 8192 314.288077  52.607850   0.027694 1 1 1 1 0 0 0 0 0 0  
  011948   58926.6031829861  58926.6479821706 11 /2020-03/comap-0011948-2020-03-18-142835.hd5 
     01194801  58926.6035648148  58926.6039872685 8192 314.242273  52.395004   0.025023 0 1 1 0 0 0 0 0 0 0  
     01194802  58926.6041850579  58926.6089885648 32768 314.132586  51.823638   0.452903 0 1 1 0 0 0 0 0 0 0  
     01194803  58926.6091735417  58926.6138207755 32768 313.978277  50.786468   0.452921 0 1 1 0 0 0 0 0 0 0  
     01194804  58926.6139825347  58926.6186529282 32768 313.868144  49.787762   0.454890 0 1 1 0 0 0 0 0 0 0  
     01194805  58926.6187684144  58926.6234793171 32768 313.805529  48.793236   0.457581 0 1 1 0 0 0 0 0 0 0  
     01194806  58926.6236410880  58926.6283114815 32768 313.786410  47.788016   0.459525 0 1 1 0 0 0 0 0 0 0  
     01194807  58926.6284732639  58926.6331436574 32768 313.804489  46.783878   0.461728 0 1 1 0 0 0 0 0 0 0  
     01194808  58926.6332707176  58926.6379700579 32768 313.853479  45.789822   0.463684 0 1 1 0 0 0 0 0 0 0  
     01194809  58926.6381318403  58926.6428022338 32768 313.934025  44.783688   0.465685 0 1 1 0 0 0 0 0 0 0  
     01194810  58926.6429582523  58926.6476344097 32768 314.048154  43.785614   0.467405 0 1 1 0 0 0 0 0 0 0  
     01194811  58926.6476909722  58926.6479456018 8192 314.122917  43.277454   0.024630 0 1 1 0 0 0 0 0 0 0  
  011964   58927.2509839120  58927.2973004771 11 /2020-03/comap-0011964-2020-03-19-060125.hd5 
     01196401  58927.2530613426  58927.2533275463 8192  44.498443  37.291970   0.015389 0 1 0 0 0 0 0 0 0 0  
     01196402  58927.2535080440  58927.2583114352 32  44.657316  37.831911   0.000320 0 1 0 0 0 0 0 0 0 0  
     01196403  58927.2584791204  58927.2631436458 32  44.948482  38.845086   0.001166 0 1 0 0 0 0 0 0 0 0  
     01196404  58927.2633169560  58927.2679757755 32  45.198158  39.828793   0.001142 0 1 0 0 0 0 0 0 0 0  
     01196405  58927.2681434606  58927.2728021991 32  45.428764  40.814484   0.000255 0 1 0 0 0 0 0 0 0 0  
     01196406  58927.2729061921  58927.2776343519 32  45.627316  41.789909   0.001169 0 1 0 0 0 0 0 0 0 0  
     01196407  58927.2777962384  58927.2824607523 32  45.799220  42.795934   0.000232 0 1 0 0 0 0 0 0 0 0  
     01196408  58927.2825994560  58927.2872929167 32  45.939324  43.786734   0.000224 0 1 0 0 0 0 0 0 0 0  
     01196409  58927.2874490046  58927.2921251042 32  46.054489  44.788933   0.001122 0 1 0 0 0 0 0 0 0 0  
     01196410  58927.2922811921  58927.2969572685 32  46.142289  45.789270   0.001098 0 1 0 0 0 0 0 0 0 0  
     01196411  58927.2970081019  58927.2972627315 8192  46.177614  46.301786   0.023456 0 1 0 0 0 0 0 0 0 0  
  011965   58927.2976274306  58927.3421655006 11 /2020-03/comap-0011965-2020-03-19-070835.hd5 
     01196501  58927.2980034722  58927.2982696759 8192  46.184337  46.505362   0.015853 1 0 0 1 0 0 0 0 0 0  
     01196502  58927.2983749653  58927.3031782292 32  46.193899  47.043495   0.000715 1 0 0 1 0 0 0 0 0 0  
     01196503  58927.3033459375  58927.3080103819 32  46.205869  48.082978   0.000735 1 0 0 1 0 0 0 0 0 0  
     01196504  58927.3081838889  58927.3128368981 32  46.171972  49.085991   0.000295 1 0 0 1 0 0 0 0 0 0  
     01196505  58927.3130219676  58927.3176690509 32  46.096495  50.088005   0.000275 1 0 0 1 0 0 0 0 0 0  
     01196506  58927.3178541319  58927.3225012731 32  45.971725  51.087466   0.001108 1 0 0 1 0 0 0 0 0 0  
     01196507  58927.3226457986  58927.3273276736 32  45.812226  52.075433   0.000288 1 0 0 1 0 0 0 0 0 0  
     01196508  58927.3274779861  58927.3321598032 32  45.610724  53.069645   0.000268 1 0 0 1 0 0 0 0 0 0  
     01196509  58927.3323043982  58927.3369918634 32  45.340012  54.058570   0.000689 1 0 0 1 0 0 0 0 0 0  
     01196510  58927.3371595949  58927.3418241551 32  45.010542  55.047737   0.001083 1 0 0 1 0 0 0 0 0 0  
     01196511  58927.3418807870  58927.3421354167 8192  44.843667  55.545822   0.016261 1 0 0 1 0 0 0 0 0 0  
  011966   58927.3425348380  58927.3871766131 11 /2020-03/comap-0011966-2020-03-19-081315.hd5 
     01196601  58927.3429108796  58927.3431770833 8192  44.758668  55.754781   0.015477 0 0 0 1 0 0 0 0 0 0  
     01196602  58927.3433922917  58927.3481957755 32  44.517992  56.301295   0.001074 0 0 0 1 0 0 0 0 0 0  
     01196603  58927.3483575810  58927.3530279051 32  44.040735  57.306849   0.001071 0 0 0 1 0 0 0 0 0 0  
     01196604  58927.3531723958  58927.3578542940 32  43.520508  58.263880   0.000328 0 0 0 1 0 0 0 0 0 0  
     01196605  58927.3580218982  58927.3626864930 32  42.894261  59.216935   0.001099 0 0 0 1 0 0 0 0 0 0  
     01196606  58927.3628540857  58927.3675186343 32  42.199340  60.155764   0.001040 0 0 0 1 0 0 0 0 0 0  
     01196607  58927.3676804745  58927.3723450463 32  41.415384  61.080609   0.000245 0 0 0 1 0 0 0 0 0 0  
     01196608  58927.3725126389  58927.3771772106 32  40.560759  61.991414   0.001041 0 0 0 1 0 0 0 0 0 0  
     01196609  58927.3773390509  58927.3820035880 32  39.553609  62.883884   0.000255 0 0 0 1 0 0 0 0 0 0  
     01196610  58927.3821943634  58927.3868357755 32  38.456153  63.762203   0.000245 0 0 0 1 0 0 0 0 0 0  
     01196611  58927.3868865741  58927.3871412037 8192  37.883975  64.192656   0.013134 0 0 0 1 0 0 0 0 0 0  
  011967   58927.3878589120  58927.4324828628 11 /2020-03/comap-0011967-2020-03-19-091831.hd5 
     01196701  58927.3882349537  58927.3885011574 8192  37.537676  64.430157   0.013384 1 0 1 1 0 0 0 0 0 0  
     01196702  58927.3886934722  58927.3934962732 32  36.806286  64.897312   0.000658 1 0 1 1 0 0 0 0 0 0  
     01196703  58927.3936818056  58927.3983284491 32  35.362907  65.747640   0.000667 1 0 1 1 0 0 0 0 0 0  
     01196704  58927.3985139815  58927.4031549421 32  33.872115  66.536959   0.000209 1 0 1 1 0 0 0 0 0 0  
     01196705  58927.4033347222  58927.4079871065 32  32.180824  67.292057   0.000632 1 0 1 1 0 0 0 0 0 0  
     01196706  58927.4081495023  58927.4128191782 32  30.375601  68.010385   0.000674 1 0 1 1 0 0 0 0 0 0  
     01196707  58927.4129989352  58927.4176455787 32  28.340917  68.693248   0.000176 1 0 1 1 0 0 0 0 0 0  
     01196708  58927.4178600347  58927.4224778588 32  26.188939  69.333670   0.000613 1 0 1 1 0 0 0 0 0 0  
     01196709  58927.4226923264  58927.4273100232 32  23.822845  69.920958   0.000634 1 0 1 1 0 0 0 0 0 0  
     01196710  58927.4275071296  58927.4321364236 32  21.362472  70.453193   0.000156 1 0 1 1 0 0 0 0 0 0  
     01196711  58927.4321932870  58927.4324479167 8192  20.064960  70.696722   0.009304 1 0 1 1 0 0 0 0 0 0  
  011972   58927.5530325231  58927.5976837891 11 /2020-03/comap-0011972-2020-03-19-131622.hd5 
     01197201  58927.5534143519  58927.5536805556 8192 319.295644  61.838128   0.014330 0 1 1 1 0 0 0 0 0 0  
     01197202  58927.5538840509  58927.5586935301 32 318.787388  61.329270   0.000957 0 1 1 1 0 0 0 0 0 0  
     01197203  58927.5588782523  58927.5635199190 32 317.961865  60.369579   0.000271 0 1 1 1 0 0 0 0 0 0  
     01197204  58927.5637046759  58927.5683520833 32 317.251348  59.434632   0.000962 0 1 1 1 0 0 0 0 0 0  
     01197205  58927.5685310301  58927.5731783796 32 316.615319  58.487672   0.000289 0 1 1 1 0 0 0 0 0 0  
     01197206  58927.5733631134  58927.5780105556 32 316.058400  57.529204   0.000930 0 1 1 1 0 0 0 0 0 0  
     01197207  58927.5781954051  58927.5828427199 32 315.589784  56.561826   0.000964 0 1 1 1 0 0 0 0 0 0  
     01197208  58927.5830274769  58927.5876692593 32 315.171298  55.586654   0.000318 0 1 1 1 0 0 0 0 0 0  
     01197209  58927.5878598148  58927.5925013889 32 314.817687  54.604894   0.000902 0 1 1 1 0 0 0 0 0 0  
     01197210  58927.5926919676  58927.5973335648 32 314.522199  53.617720   0.000913 0 1 1 1 0 0 0 0 0 0  
     01197211  58927.5973900463  58927.5976562500 8192 314.399012  53.118421   0.015935 0 1 1 1 0 0 0 0 0 0  
  011973   58927.5985070602  58927.6431365666 11 /2020-03/comap-0011973-2020-03-19-142151.hd5 
     01197301  58927.5988831019  58927.5991493056 8192 314.331601  52.812442   0.015723 1 1 1 0 0 0 0 0 0 0  
     01197302  58927.5993530093  58927.6041563079 32 314.206094  52.256657   0.000323 1 1 1 0 0 0 0 0 0 0  
     01197303  58927.6043472338  58927.6089884491 32 314.039958  51.220091   0.000957 1 1 1 0 0 0 0 0 0 0  
     01197304  58927.6091678241  58927.6138147454 32 313.911425  50.222949   0.000308 1 1 1 0 0 0 0 0 0 0  
     01197305  58927.6139941204  58927.6186470370 32 313.830728  49.223384   0.000953 1 1 1 0 0 0 0 0 0 0  
     01197306  58927.6188148611  58927.6234791898 32 313.789167  48.222996   0.000931 1 1 1 0 0 0 0 0 0 0  
     01197307  58927.6236412269  58927.6283055787 32 313.791362  47.223353   0.000308 1 1 1 0 0 0 0 0 0 0  
     01197308  58927.6284849537  58927.6331377662 32 313.825126  46.219480   0.000969 1 1 1 0 0 0 0 0 0 0  
     01197309  58927.6332707870  58927.6379699421 32 313.894632  45.228135   0.001016 1 1 1 0 0 0 0 0 0 0  
     01197310  58927.6381088079  58927.6427963310 32 313.995104  44.227921   0.000353 1 1 1 0 0 0 0 0 0 0  
     01197311  58927.6428530093  58927.6431076389 8192 314.066262  43.717566   0.016577 1 1 1 0 0 0 0 0 0 0  
  011974   58927.6438195602  58927.6883791583 11 /2020-03/comap-0011974-2020-03-19-152706.hd5 
     01197401  58927.6442071759  58927.6444733796 8192 314.101524  43.436138   0.015781 0 1 1 0 0 0 0 0 0 0  
     01197402  58927.6445962037  58927.6493993056 32 314.178918  42.897068   0.001023 0 1 1 0 0 0 0 0 0 0  
     01197403  58927.6495787269  58927.6542315856 32 314.356805  41.864074   0.001058 0 1 1 0 0 0 0 0 0 0  
     01197404  58927.6543877546  58927.6590520949 32 314.552154  40.877828   0.000395 0 1 1 0 0 0 0 0 0 0  
     01197405  58927.6592084606  58927.6638842708 32 314.776103  39.893231   0.000396 0 1 1 0 0 0 0 0 0 0  
     01197406  58927.6640000579  58927.6687222338 32 315.028182  38.917098   0.001074 0 1 1 0 0 0 0 0 0 0  
     01197407  58927.6688379977  58927.6735486227 32 315.300113  37.939494   0.000404 0 1 1 0 0 0 0 0 0 0  
     01197408  58927.6736933796  58927.6783750463 32 315.601062  36.961441   0.000402 0 1 1 0 0 0 0 0 0 0  
     01197409  58927.6785429051  58927.6832128704 32 315.922025  35.988920   0.000739 0 1 1 0 0 0 0 0 0 0  
     01197410  58927.6833575694  58927.6880393866 32 316.261566  35.029995   0.000374 0 1 1 0 0 0 0 0 0 0  
     01197411  58927.6880960648  58927.6883506944 8192 316.448310  34.540516   0.014869 0 1 1 0 0 0 0 0 0 0  
  011991   58928.2400927083  58928.2847141128 11 /2020-03/comap-0011991-2020-03-20-054544.hd5 
     01199101  58928.2404745370  58928.2407407407 8192  43.837160  35.319884   0.015212 1 1 0 0 0 0 0 0 0 0  
     01199102  58928.2409097454  58928.2457129977 32768  44.019717  35.851187   0.487917 1 1 0 0 0 0 0 0 0 0  
     01199103  58928.2458634491  58928.2505451736 32768  44.355799  36.845037   0.482948 1 1 0 0 0 0 0 0 0 0  
     01199104  58928.2506956134  58928.2553773495 32768  44.652800  37.819647   0.480503 1 1 0 0 0 0 0 0 0 0  
     01199105  58928.2555397338  58928.2602036343 32768  44.936489  38.801350   0.478100 1 1 0 0 0 0 0 0 0 0  
     01199106  58928.2603773264  58928.2650359606 32768  45.188842  39.783454   0.475908 1 1 0 0 0 0 0 0 0 0  
     01199107  58928.2651574421  58928.2698681018 32768  45.416807  40.754683   0.474615 1 1 0 0 0 0 0 0 0 0  
     01199108  58928.2699722222  58928.2746944907 32768  45.620598  41.741971   0.472233 1 1 0 0 0 0 0 0 0 0  
     01199109  58928.2748449190  58928.2795266551 32768  45.791747  42.748553   0.469993 1 1 0 0 0 0 0 0 0 0  
     01199110  58928.2796944676  58928.2843587268 32768  45.932571  43.747118   0.466470 1 1 0 0 0 0 0 0 0 0  
     01199111  58928.2844155093  58928.2846701389 8192  46.003104  44.257412   0.015391 1 1 0 0 0 0 0 0 0 0  
  011992   58928.2850464120  58928.3296252234 11 /2020-03/comap-0011992-2020-03-20-065028.hd5 
     01199201  58928.2854282407  58928.2856944444 8192  46.028177  44.467348   0.015817 0 0 0 1 0 0 0 0 0 0  
     01199202  58928.2858228241  58928.2906261805 32768  46.080950  45.011238   0.466977 0 0 0 1 0 0 0 0 0 0  
     01199203  58928.2907708333  58928.2954583680 32768  46.155621  46.038066   0.463414 0 0 0 1 0 0 0 0 0 0  
     01199204  58928.2956335880  58928.3002847801 32768  46.197855  47.047993   0.459556 0 0 0 1 0 0 0 0 0 0  
     01199205  58928.3004641204  58928.3051170255 32768  46.213647  48.051091   0.458223 0 0 0 1 0 0 0 0 0 0  
     01199206  58928.3052789583  58928.3099491319 32768  46.179383  49.047089   0.455771 0 0 0 1 0 0 0 0 0 0  
     01199207  58928.3100763773  58928.3147812731 32768  46.100727  50.038394   0.454286 0 0 0 1 0 0 0 0 0 0  
     01199208  58928.3149201389  58928.3196077083 32768  45.981969  51.042087   0.452393 0 0 0 1 0 0 0 0 0 0  
     01199209  58928.3197870486  58928.3244398495 32768  45.820951  52.048449   0.449413 0 0 0 1 0 0 0 0 0 0  
     01199210  58928.3246365857  58928.3292662384 32768  45.615032  53.046692   0.449663 0 0 0 1 0 0 0 0 0 0  
     01199211  58928.3293229167  58928.3295775463 8192  45.491733  53.540987   0.016833 0 0 0 1 0 0 0 0 0 0  
  011994   58928.3306829861  58928.3753319372 11 /2020-03/comap-0011994-2020-03-20-075611.hd5 
     01199401  58928.3310590278  58928.3313252315 8192  45.392430  53.899039   0.015622 0 0 0 1 0 0 0 0 0 0  
     01199402  58928.3315289468  58928.3363322569 32768  45.228036  54.452188   0.448178 0 0 0 1 0 0 0 0 0 0  
     01199403  58928.3365230556  58928.3411643866 32768  44.869869  55.474082   0.443624 0 0 0 1 0 0 0 0 0 0  
     01199404  58928.3413560648  58928.3459907755 32768  44.453049  56.449536   0.441829 0 0 0 1 0 0 0 0 0 0  
     01199405  58928.3461701389  58928.3508229514 32768  43.992368  57.411777   0.439708 0 0 0 1 0 0 0 0 0 0  
     01199406  58928.3510196759  58928.3556552199 32768  43.448614  58.378593   0.438830 0 0 0 1 0 0 0 0 0 0  
     01199407  58928.3558460995  58928.3604815162 32768  42.822177  59.326100   0.437859 0 0 0 1 0 0 0 0 0 0  
     01199408  58928.3606667014  58928.3653079051 32768  42.114766  60.261323   0.435391 0 0 0 1 0 0 0 0 0 0  
     01199409  58928.3654988542  58928.3701458681 32768  41.329535  61.183551   0.432747 0 0 0 1 0 0 0 0 0 0  
     01199410  58928.3702500116  58928.3749722685 32768  40.462318  62.072808   0.432802 0 0 0 1 0 0 0 0 0 0  
     01199411  58928.3750289352  58928.3752835648 8192  39.956898  62.542609   0.014954 0 0 0 1 0 0 0 0 0 0  
  011995   58928.3756598380  58928.3913079549 05 /2020-03/comap-0011995-2020-03-20-090057.hd5 
     01199501  58928.3760300926  58928.3762962963 8192  39.748652  62.729165   0.014047 1 0 1 1 0 0 0 0 0 0  
     01199502  58928.3764941204  58928.3812975810 32768  39.166214  63.221750   0.432399 1 0 1 1 0 0 0 0 0 0  
     01199503  58928.3814651620  58928.3861297107 32768  37.969081  64.117746   0.428356 1 0 1 1 0 0 0 0 0 0  
     01199504  58928.3863263889  58928.3909619560 32768  36.705692  64.966834   0.428077 1 0 1 1 0 0 0 0 0 0  
     01199505  58928.3910185185  58928.3912731481 8192  36.036348  65.377722   0.013038 1 0 1 1 0 0 0 0 0 0  
  012000   58928.5497802083  58928.5944057795 11 /2020-03/comap-0012000-2020-03-20-131141.hd5 
     01200001  58928.5501504630  58928.5504166667 8192 319.396945  61.938212   0.014303 0 1 1 1 0 0 0 0 0 0  
     01200002  58928.5506261343  58928.5554294907 32768 318.880980  61.430056   0.434726 0 1 1 1 0 0 0 0 0 0  
     01200003  58928.5555914120  58928.5602616204 32768 318.040947  60.475958   0.434011 0 1 1 1 0 0 0 0 0 0  
     01200004  58928.5604467477  58928.5650880093 32768 317.326518  59.538082   0.436174 0 1 1 1 0 0 0 0 0 0  
     01200005  58928.5652268171  58928.5699200926 32768 316.681651  58.597319   0.438081 0 1 1 1 0 0 0 0 0 0  
     01200006  58928.5700821528  58928.5747523727 32768 316.119293  57.638021   0.439779 0 1 1 1 0 0 0 0 0 0  
     01200007  58928.5748738195  58928.5795787500 32768 315.636675  56.675272   0.441959 0 1 1 1 0 0 0 0 0 0  
     01200008  58928.5797465046  58928.5844109259 32768 315.218491  55.696066   0.443309 0 1 1 1 0 0 0 0 0 0  
     01200009  58928.5845786806  58928.5892431018 32768 314.854756  54.716528   0.445035 0 1 1 1 0 0 0 0 0 0  
     01200010  58928.5894108565  58928.5940695139 32768 314.551603  53.727919   0.447016 0 1 1 1 0 0 0 0 0 0  
     01200011  58928.5941261574  58928.5943807870 8192 314.429006  53.227117   0.018643 0 1 1 1 0 0 0 0 0 0  
  012001   58928.5946297454  58928.6392486035 11 /2020-03/comap-0012001-2020-03-20-141616.hd5 
     01200101  58928.5950000000  58928.5952546296 8192 314.386671  53.050736   0.015038 1 1 1 0 0 0 0 0 0 0  
     01200102  58928.5954641319  58928.6002673611 32768 314.253261  52.497468   0.451150 1 1 1 0 0 0 0 0 0 0  
     01200103  58928.6003542014  58928.6050995370 32768 314.073261  51.476368   0.451223 1 1 1 0 0 0 0 0 0 0  
     01200104  58928.6052905324  58928.6099259259 32768 313.935493  50.460833   0.454357 1 1 1 0 0 0 0 0 0 0  
     01200105  58928.6100879861  58928.6147581019 32768 313.849801  49.466466   0.455064 1 1 1 0 0 0 0 0 0 0  
     01200106  58928.6149258565  58928.6195901852 32768 313.796407  48.461614   0.457409 1 1 1 0 0 0 0 0 0 0  
     01200107  58928.6197348843  58928.6244165741 32768 313.786820  47.465174   0.459570 1 1 1 0 0 0 0 0 0 0  
     01200108  58928.6245844213  58928.6292488426 32768 313.814087  46.461170   0.461866 1 1 1 0 0 0 0 0 0 0  
     01200109  58928.6293819792  58928.6340810301 32768 313.876754  45.462428   0.464437 1 1 1 0 0 0 0 0 0 0  
     01200110  58928.6342488657  58928.6389074190 32768 313.967281  44.459390   0.466522 1 1 1 0 0 0 0 0 0 0  
     01200111  58928.6389641204  58928.6392187500 8192 314.034407  43.953860   0.017711 1 1 1 0 0 0 0 0 0 0  
  012002   58928.6394677083  58928.6839916579 11 /2020-03/comap-0012002-2020-03-20-152050.hd5 
     01200201  58928.6398379630  58928.6400925926 8192 314.055358  43.776057   0.015104 0 1 1 0 0 0 0 0 0 0  
     01200202  58928.6402036690  58928.6450128125 32768 314.127768  43.239141   0.471427 0 1 1 0 0 0 0 0 0 0  
     01200203  58928.6451573843  58928.6498448495 32768 314.293194  42.207544   0.471120 0 1 1 0 0 0 0 0 0 0  
     01200204  58928.6500068287  58928.6546713542 32768 314.483046  41.215345   0.473186 0 1 1 0 0 0 0 0 0 0  
     01200205  58928.6548450000  58928.6595035185 32768 314.702100  40.224169   0.475490 0 1 1 0 0 0 0 0 0 0  
     01200206  58928.6596596991  58928.6643357292 32768 314.940128  39.243857   0.478200 0 1 1 0 0 0 0 0 0 0  
     01200207  58928.6644803588  58928.6691621296 32768 315.208111  38.267064   0.480771 0 1 1 0 0 0 0 0 0 0  
     01200208  58928.6693240046  58928.6739941551 32768 315.496976  37.287987   0.482107 0 1 1 0 0 0 0 0 0 0  
     01200209  58928.6741446991  58928.6788264468 32768 315.812511  36.320440   0.485470 0 1 1 0 0 0 0 0 0 0  
     01200210  58928.6789363194  58928.6836528588 32768 316.145229  35.360937   0.487830 0 1 1 0 0 0 0 0 0 0  
     01200211  58928.6837094907  58928.6839641204 8192 316.324753  34.868902   0.016617 0 1 1 0 0 0 0 0 0 0  
  012022   58929.2373843750  58929.2819636493 11 /2020-03/comap-0012022-2020-03-21-054150.hd5 
     01202201  58929.2377546296  58929.2380092593 8192  43.837409  35.320046   0.014561 0 1 0 0 0 0 0 0 0 0  
     01202202  58929.2381720949  58929.2429759838 32  44.017408  35.850293   0.000347 0 1 0 0 0 0 0 0 0 0  
     01202203  58929.2431374768  58929.2478081713 32  44.356750  36.850021   0.001140 0 1 0 0 0 0 0 0 0 0  
     01202204  58929.2479812384  58929.2526403357 32  44.656967  37.825122   0.001184 0 1 0 0 0 0 0 0 0 0  
     01202205  58929.2527902893  58929.2574667708 32  44.937347  38.798576   0.000322 0 1 0 0 0 0 0 0 0 0  
     01202206  58929.2576340278  58929.2622989005 32  45.189755  39.784303   0.001105 0 1 0 0 0 0 0 0 0 0  
     01202207  58929.2624603935  58929.2671310764 32  45.420620  40.768862   0.001158 0 1 0 0 0 0 0 0 0 0  
     01202208  58929.2672694213  58929.2719574653 32  45.618938  41.753612   0.000359 0 1 0 0 0 0 0 0 0 0  
     01202209  58929.2721015972  58929.2767896412 32  45.792305  42.747647   0.001135 0 1 0 0 0 0 0 0 0 0  
     01202210  58929.2769338773  58929.2816218171 32  45.937457  43.744105   0.001102 0 1 0 0 0 0 0 0 0 0  
     01202211  58929.2816782407  58929.2819328704 8192  46.003778  44.255795   0.017585 0 1 0 0 0 0 0 0 0 0  
  012024   58929.2831945602  58929.3281921269 11 /2020-03/comap-0012024-2020-03-21-064748.hd5 
     01202401  58929.2839525463  58929.2842245370 8192  46.055749  44.727011   0.016685 0 0 0 1 0 0 0 0 0 0  
     01202402  58929.2843935880  58929.2891967245 32  46.103194  45.277907   0.000402 0 0 0 1 0 0 0 0 0 0  
     01202403  58929.2893703819  58929.2940231713 32  46.176670  46.317349   0.000418 0 0 0 1 0 0 0 0 0 0  
     01202404  58929.2941852431  58929.2988611458 32  46.208153  47.316725   0.001146 0 0 0 1 0 0 0 0 0 0  
     01202405  58929.2990347569  58929.3036875116 32  46.209249  48.321140   0.000403 0 0 0 1 0 0 0 0 0 0  
     01202406  58929.3038669444  58929.3085195718 32  46.156716  49.322773   0.000700 0 0 0 1 0 0 0 0 0 0  
     01202407  58929.3086934028  58929.3133517593 32  46.068058  50.323177   0.000742 0 0 0 1 0 0 0 0 0 0  
     01202408  58929.3135311690  58929.3181781481 32  45.940026  51.322183   0.000349 0 0 0 1 0 0 0 0 0 0  
     01202409  58929.3182766435  58929.3230103241 32  45.775852  52.299507   0.000696 0 0 0 1 0 0 0 0 0 0  
     01202410  58929.3231145718  58929.3278368171 32  45.556112  53.294691   0.000302 0 0 0 1 0 0 0 0 0 0  
     01202411  58929.3278935185  58929.3281597222 8192  45.413309  53.808721   0.017008 0 0 0 1 0 0 0 0 0 0  
  012025   58929.3284028935  58929.3735749995 11 /2020-03/comap-0012025-2020-03-21-075254.hd5 
     01202501  58929.3293113426  58929.3295775463 8192  45.334013  54.099482   0.015636 1 0 0 1 0 0 0 0 0 0  
     01202502  58929.3297871065  58929.3345902546 32  45.158937  54.650646   0.000685 1 0 0 1 0 0 0 0 0 0  
     01202503  58929.3347523958  58929.3394224190 32  44.782140  55.667337   0.000702 1 0 0 1 0 0 0 0 0 0  
     01202504  58929.3395788195  58929.3442488542 32  44.369331  56.640764   0.000283 1 0 0 1 0 0 0 0 0 0  
     01202505  58929.3444109838  58929.3490809954 32  43.885867  57.607643   0.000695 1 0 0 1 0 0 0 0 0 0  
     01202506  58929.3492431366  58929.3539130671 32  43.330136  58.565249   0.000738 1 0 0 1 0 0 0 0 0 0  
     01202507  58929.3540810995  58929.3587395486 32  42.676194  59.513500   0.000269 1 0 0 1 0 0 0 0 0 0  
     01202508  58929.3589132870  58929.3635717361 32  41.968873  60.448490   0.000640 1 0 0 1 0 0 0 0 0 0  
     01202509  58929.3637281250  58929.3684039005 32  41.158873  61.366640   0.000653 1 0 0 1 0 0 0 0 0 0  
     01202510  58929.3685603472  58929.3732302778 32  40.255694  62.272265   0.000265 1 0 0 1 0 0 0 0 0 0  
     01202511  58929.3732870370  58929.3735416667 8192  39.749734  62.725093   0.013905 1 0 0 1 0 0 0 0 0 0  
  012026   58929.3737964120  58929.3900359718 05 /2020-03/comap-0012026-2020-03-21-085816.hd5 
     01202601  58929.3747511574  58929.3750231481 8192  39.438094  62.995242   0.014267 0 0 1 1 0 0 0 0 0 0  
     01202602  58929.3752268634  58929.3800301273 32  38.825671  63.484802   0.001047 0 0 1 1 0 0 0 0 0 0  
     01202603  58929.3802211111  58929.3848623032 32  37.589293  64.379588   0.001009 0 0 1 1 0 0 0 0 0 0  
     01202604  58929.3849432986  58929.3896887847 32  36.324461  65.196140   0.000227 0 0 1 1 0 0 0 0 0 0  
     01202605  58929.3897453704  58929.3900000000 8192  35.599887  65.621789   0.013765 0 0 1 1 0 0 0 0 0 0  
  012032   58929.5470487268  58929.5917074003 11 /2020-03/comap-0012032-2020-03-21-130745.hd5 
     01203201  58929.5474363426  58929.5477025463 8192 319.393996  61.935090   0.014314 0 1 1 1 0 0 0 0 0 0  
     01203202  58929.5479061921  58929.5527096412 32 318.878336  61.427291   0.000246 0 1 1 1 0 0 0 0 0 0  
     01203203  58929.5529003009  58929.5575416667 32 318.040480  60.469240   0.000938 0 1 1 1 0 0 0 0 0 0  
     01203204  58929.5577324653  58929.5623739815 32 317.322692  59.534711   0.000937 0 1 1 1 0 0 0 0 0 0  
     01203205  58929.5625416204  58929.5672003357 32 316.679705  58.592109   0.000281 0 1 1 1 0 0 0 0 0 0  
     01203206  58929.5673853356  58929.5720325000 32 316.112261  57.632571   0.000934 0 1 1 1 0 0 0 0 0 0  
     01203207  58929.5722059606  58929.5768646875 32 315.636215  56.668266   0.000944 0 1 1 1 0 0 0 0 0 0  
     01203208  58929.5770381829  58929.5816909722 32 315.215562  55.693884   0.001008 0 1 1 1 0 0 0 0 0 0  
     01203209  58929.5818528704  58929.5865232639 32 314.853528  54.715163   0.001010 0 1 1 1 0 0 0 0 0 0  
     01203210  58929.5866908912  58929.5913496528 32 314.550611  53.728529   0.000299 0 1 1 1 0 0 0 0 0 0  
     01203211  58929.5914062500  58929.5916608796 8192 314.428317  53.228653   0.016274 0 1 1 1 0 0 0 0 0 0  
  012033   58929.5920371528  58929.6366754556 11 /2020-03/comap-0012033-2020-03-21-141232.hd5 
     01203301  58929.5924016204  58929.5926678241 8192 314.380059  53.022406   0.015712 1 1 1 0 0 0 0 0 0 0  
     01203302  58929.5928715278  58929.5976748264 32 314.245957  52.467136   0.000978 1 1 1 0 0 0 0 0 0 0  
     01203303  58929.5978483912  58929.6025069907 32 314.067862  51.434252   0.001006 1 1 1 0 0 0 0 0 0 0  
     01203304  58929.6026689583  58929.6073391898 32 313.934149  50.438252   0.001036 1 1 1 0 0 0 0 0 0 0  
     01203305  58929.6074780671  58929.6121655440 32 313.845645  49.442454   0.000316 1 1 1 0 0 0 0 0 0 0  
     01203306  58929.6123275579  58929.6169977083 32 313.794446  48.437561   0.001004 1 1 1 0 0 0 0 0 0 0  
     01203307  58929.6171365741  58929.6218298843 32 313.784938  47.440468   0.001014 1 1 1 0 0 0 0 0 0 0  
     01203308  58929.6220150463  58929.6266562732 32 313.813983  46.428702   0.000307 1 1 1 0 0 0 0 0 0 0  
     01203309  58929.6268356713  58929.6314884607 32 313.881191  45.429956   0.001039 1 1 1 0 0 0 0 0 0 0  
     01203310  58929.6316563079  58929.6363206366 32 313.969856  44.431442   0.001080 1 1 1 0 0 0 0 0 0 0  
     01203311  58929.6363773148  58929.6366319444 8192 314.036224  43.925726   0.016995 1 1 1 0 0 0 0 0 0 0  
  012034   58929.6370024306  58929.6815682788 11 /2020-03/comap-0012034-2020-03-21-151717.hd5 
     01203401  58929.6373726852  58929.6376388889 8192 314.062776  43.719945   0.015793 0 1 1 0 0 0 0 0 0 0  
     01203402  58929.6377615625  58929.6425647338 32 314.136226  43.180514   0.000693 0 1 1 0 0 0 0 0 0 0  
     01203403  58929.6427325463  58929.6473969213 32 314.308209  42.148849   0.000713 0 1 1 0 0 0 0 0 0 0  
     01203404  58929.6475589468  58929.6522292361 32 314.492982  41.158690   0.001094 0 1 1 0 0 0 0 0 0 0  
     01203405  58929.6523911921  58929.6570555903 32 314.713924  40.170646   0.001086 0 1 1 0 0 0 0 0 0 0  
     01203406  58929.6572118171  58929.6618877778 32 314.951955  39.189050   0.001115 0 1 1 0 0 0 0 0 0 0  
     01203407  58929.6620555556  58929.6667141898 32 315.224789  38.206283   0.000340 0 1 1 0 0 0 0 0 0 0  
     01203408  58929.6668819445  58929.6715463310 32 315.514246  37.232472   0.001093 0 1 1 0 0 0 0 0 0 0  
     01203409  58929.6717083565  58929.6763785880 32 315.829050  36.263877   0.001123 0 1 1 0 0 0 0 0 0 0  
     01203410  58929.6765289468  58929.6812048958 32 316.162559  35.302244   0.000312 0 1 1 0 0 0 0 0 0 0  
     01203411  58929.6812615741  58929.6815162037 8192 316.345916  34.812955   0.014833 0 1 1 0 0 0 0 0 0 0  
  012041   58930.5461575231  58930.5925055701 11 /2020-03/comap-0012041-2020-03-22-130628.hd5 
     01204101  58930.5482349537  58930.5485011574 8192 318.748050  61.270993   0.014509 1 0 0 1 0 0 0 0 0 0  
     01204102  58930.5487050232  58930.5535138542 32768 318.287276  60.757773   0.435145 1 0 0 1 0 0 0 0 0 0  
     01204103  58930.5536470602  58930.5583401505 32768 317.505631  59.794319   0.436104 1 0 0 1 0 0 0 0 0 0  
     01204104  58930.5585138542  58930.5631723148 32768 316.843279  58.846079   0.436922 1 0 0 1 0 0 0 0 0 0  
     01204105  58930.5633402546  58930.5680045255 32768 316.266697  57.893280   0.438584 1 0 0 1 0 0 0 0 0 0  
     01204106  58930.5681724421  58930.5728367593 32768 315.761537  56.928073   0.440742 1 0 0 1 0 0 0 0 0 0  
     01204107  58930.5729931250  58930.5776631597 32768 315.317903  55.956940   0.442720 1 0 0 1 0 0 0 0 0 0  
     01204108  58930.5778427546  58930.5824895602 32768 314.941686  54.975902   0.444302 1 0 0 1 0 0 0 0 0 0  
     01204109  58930.5826574769  58930.5873275116 32768 314.634891  53.993641   0.446720 1 0 0 1 0 0 0 0 0 0  
     01204110  58930.5874896528  58930.5921538889 32768 314.372667  53.003155   0.448146 1 0 0 1 0 0 0 0 0 0  
     01204111  58930.5922106481  58930.5924652778 8192 314.265045  52.499119   0.017993 1 0 0 1 0 0 0 0 0 0  
  012042   58930.5928357639  58930.6375303175 11 /2020-03/comap-0012042-2020-03-22-141341.hd5 
     01204201  58930.5932060185  58930.5934722222 8192 314.222597  52.295828   0.015752 0 1 1 1 0 0 0 0 0 0  
     01204202  58930.5936759838  58930.5984790509 32768 314.123877  51.741248   0.453190 0 1 1 1 0 0 0 0 0 0  
     01204203  58930.5986122106  58930.6033113310 32768 313.962965  50.709421   0.453351 0 1 1 1 0 0 0 0 0 0  
     01204204  58930.6034792014  58930.6081434954 32768 313.860996  49.702215   0.454786 0 1 1 1 0 0 0 0 0 0  
     01204205  58930.6082824537  58930.6129698958 32768 313.805183  48.706821   0.457464 0 1 1 1 0 0 0 0 0 0  
     01204206  58930.6131262153  58930.6178020718 32768 313.783026  47.703844   0.459206 0 1 1 1 0 0 0 0 0 0  
     01204207  58930.6179525926  58930.6226341551 32768 313.807178  46.701430   0.461780 0 1 1 1 0 0 0 0 0 0  
     01204208  58930.6227962500  58930.6274605324 32768 313.853937  45.698958   0.463183 0 1 1 1 0 0 0 0 0 0  
     01204209  58930.6276110880  58930.6322870255 32768 313.938093  44.702318   0.465771 0 1 1 1 0 0 0 0 0 0  
     01204210  58930.6324143866  58930.6371249884 32768 314.058755  43.705645   0.468919 0 1 1 1 0 0 0 0 0 0  
     01204211  58930.6371817130  58930.6374363426 8192 314.135011  43.193338   0.024862 0 1 1 1 0 0 0 0 0 0  
  012043   58930.6379167824  58930.6824761491 11 /2020-03/comap-0012043-2020-03-22-151836.hd5 
     01204301  58930.6382870370  58930.6385532407 8192 314.171101  42.968645   0.015769 1 1 1 0 0 0 0 0 0 0  
     01204302  58930.6386701042  58930.6434734838 32768 314.247673  42.433016   0.473105 1 1 1 0 0 0 0 0 0 0  
     01204303  58930.6436179861  58930.6483056482 32768 314.445479  41.402255   0.473096 1 1 1 0 0 0 0 0 0 0  
     01204304  58930.6484443750  58930.6531263079 32768 314.654872  40.416449   0.475788 1 1 1 0 0 0 0 0 0 0  
     01204305  58930.6532938194  58930.6579641204 32768 314.898993  39.427570   0.477299 1 1 1 0 0 0 0 0 0 0  
     01204306  58930.6581317824  58930.6627962963 32768 315.163276  38.443078   0.478393 1 1 1 0 0 0 0 0 0 0  
     01204307  58930.6629292245  58930.6676285880 32768 315.444252  37.476884   0.481936 1 1 1 0 0 0 0 0 0 0  
     01204308  58930.6677615393  58930.6724549653 32768 315.755173  36.503268   0.483804 1 1 1 0 0 0 0 0 0 0  
     01204309  58930.6726110417  58930.6772871412 32768 316.081887  35.535279   0.486548 1 1 1 0 0 0 0 0 0 0  
     01204310  58930.6774316435  58930.6821135185 32768 316.437004  34.579936   0.488989 1 1 1 0 0 0 0 0 0 0  
     01204311  58930.6821701389  58930.6824247685 8192 316.622155  34.093475   0.018429 1 1 1 0 0 0 0 0 0 0  
