1 
co6   8
  011940   58926.2514005787  58926.2960076312 11 /2020-03/comp_comap-0011940-2020-03-18-060201.hd5 
     01194001  58926.2517766204  58926.2520370370 8192  44.239975  36.484978   0.014993 0 0 1 0 0 0 0 0 0 0  
     01194002  58926.2522118634  58926.2570208565 32768  44.406932  37.022153   0.485190 0 0 1 0 0 0 0 0 0 0  
     01194003  58926.2571828820  58926.2618531366 32768  44.714646  38.025424   0.480266 0 0 1 0 0 0 0 0 0 0  
     01194004  58926.2620093982  58926.2666852778 32768  44.983178  39.005130   0.478090 0 0 1 0 0 0 0 0 0 0  
     01194005  58926.2668530440  58926.2715115278 32768  45.234648  39.991964   0.475712 0 0 1 0 0 0 0 0 0 0  
     01194006  58926.2716851968  58926.2763438310 32768  45.456140  40.979115   0.473265 0 0 1 0 0 0 0 0 0 0  
     01194007  58926.2765174306  58926.2811759838 32768  45.657855  41.967178   0.470528 0 0 1 0 0 0 0 0 0 0  
     01194008  58926.2813090509  58926.2860023843 32768  45.826883  42.954677   0.469547 0 0 1 0 0 0 0 0 0 0  
     01194009  58926.2861586111  58926.2908345486 32768  45.967136  43.955412   0.467158 0 0 1 0 0 0 0 0 0 0  
     01194010  58926.2910081713  58926.2956667130 32768  46.072020  44.956986   0.464055 0 0 1 0 0 0 0 0 0 0  
     01194011  58926.2957233796  58926.2959780093 8192  46.120101  45.466627   0.015344 0 0 1 0 0 0 0 0 0 0  
  011991   58928.2400927083  58928.2847141128 11 /2020-03/comp_comap-0011991-2020-03-20-054544.hd5 
     01199101  58928.2404745370  58928.2407407407 8192  43.837160  35.319884   0.015212 1 0 1 0 0 0 0 0 0 0  
     01199102  58928.2409097454  58928.2457129977 32768  44.019717  35.851187   0.487917 1 0 1 0 0 0 0 0 0 0  
     01199103  58928.2458634491  58928.2505451736 32768  44.355799  36.845037   0.482948 1 0 1 0 0 0 0 0 0 0  
     01199104  58928.2506956134  58928.2553773495 32768  44.652800  37.819647   0.480503 1 0 1 0 0 0 0 0 0 0  
     01199105  58928.2555397338  58928.2602036343 32768  44.936489  38.801350   0.478100 1 0 1 0 0 0 0 0 0 0  
     01199106  58928.2603773264  58928.2650359606 32768  45.188842  39.783454   0.475908 1 0 1 0 0 0 0 0 0 0  
     01199107  58928.2651574421  58928.2698681018 32768  45.416807  40.754683   0.474615 1 0 1 0 0 0 0 0 0 0  
     01199108  58928.2699722222  58928.2746944907 32768  45.620598  41.741971   0.472233 1 0 1 0 0 0 0 0 0 0  
     01199109  58928.2748449190  58928.2795266551 32768  45.791747  42.748553   0.469993 1 0 1 0 0 0 0 0 0 0  
     01199110  58928.2796944676  58928.2843587268 32768  45.932571  43.747118   0.466470 1 0 1 0 0 0 0 0 0 0  
     01199111  58928.2844155093  58928.2846701389 8192  46.003104  44.257412   0.015391 1 0 1 0 0 0 0 0 0 0
  012002   58928.6394677083  58928.6839916579 11 /2020-03/comp_comap-0012002-2020-03-20-152050.hd5 
     01200201  58928.6398379630  58928.6400925926 8192 314.055358  43.776057   0.015104 0 1 1 0 0 0 0 0 0 0  
     01200202  58928.6402036690  58928.6450128125 32768 314.127768  43.239141   0.471427 0 1 1 0 0 0 0 0 0 0  
     01200203  58928.6451573843  58928.6498448495 32768 314.293194  42.207544   0.471120 0 1 1 0 0 0 0 0 0 0  
     01200204  58928.6500068287  58928.6546713542 32768 314.483046  41.215345   0.473186 0 1 1 0 0 0 0 0 0 0  
     01200205  58928.6548450000  58928.6595035185 32768 314.702100  40.224169   0.475490 0 1 1 0 0 0 0 0 0 0  
     01200206  58928.6596596991  58928.6643357292 32768 314.940128  39.243857   0.478200 0 1 1 0 0 0 0 0 0 0  
     01200207  58928.6644803588  58928.6691621296 32768 315.208111  38.267064   0.480771 0 1 1 0 0 0 0 0 0 0  
     01200208  58928.6693240046  58928.6739941551 32768 315.496976  37.287987   0.482107 0 1 1 0 0 0 0 0 0 0  
     01200209  58928.6741446991  58928.6788264468 32768 315.812511  36.320440   0.485470 0 1 1 0 0 0 0 0 0 0  
     01200210  58928.6789363194  58928.6836528588 32768 316.145229  35.360937   0.487830 0 1 1 0 0 0 0 0 0 0  
     01200211  58928.6837094907  58928.6839641204 8192 316.324753  34.868902   0.016617 0 1 1 0 0 0 0 0 0 0  
  011811   58920.6629399306  58920.7075268439 11 /2020-03/comp_comap-0011811-2020-03-12-155438.hd5 
     01181101  58920.6633159722  58920.6635706018 8192 314.100938  43.437941   0.015089 1 1 1 0 0 0 0 0 0 0  
     01181102  58920.6636875347  58920.6684907755 32 314.179344  42.900420   0.000336 1 1 1 0 0 0 0 0 0 0  
     01181103  58920.6686643403  58920.6733287269 32 314.355809  41.869276   0.001112 1 1 1 0 0 0 0 0 0 0  
     01181104  58920.6734849653  58920.6781551273 32 314.551878  40.881210   0.000334 1 1 1 0 0 0 0 0 0 0  
     01181105  58920.6782940046  58920.6829873032 32 314.774381  39.897745   0.001084 1 1 1 0 0 0 0 0 0 0  
     01181106  58920.6830972338  58920.6878135764 32 315.025445  38.922279   0.000342 1 1 1 0 0 0 0 0 0 0  
     01181107  58920.6879350810  58920.6926457639 32 315.299472  37.942937   0.000684 1 1 1 0 0 0 0 0 0 0  
     01181108  58920.6928077662  58920.6974780440 32 315.599585  36.960097   0.001090 1 1 1 0 0 0 0 0 0 0  
     01181109  58920.6976342593  58920.7023102315 32 315.923769  35.993103   0.001090 1 1 1 0 0 0 0 0 0 0  
     01181110  58920.7024549653  58920.7071366204 32 316.262545  35.033041   0.000278 1 1 1 0 0 0 0 0 0 0  
     01181111  58920.7071875000  58920.7074421296 8192 316.445983  34.542423   0.018886 1 1 1 0 0 0 0 0 0 0  
  011922   58925.6528936343  58925.6974224450 11 /2020-03/comp_comap-0011922-2020-03-17-154010.hd5 
     01192201  58925.6532638889  58925.6535300926 8192 314.214349  42.694891   0.015752 0 1 1 0 0 0 0 0 0 0  
     01192202  58925.6536468634  58925.6584504051 32 314.299562  42.158428   0.000338 0 1 1 0 0 0 0 0 0 0  
     01192203  58925.6586295486  58925.6632824769 32 314.502517  41.127324   0.001023 0 1 1 0 0 0 0 0 0 0  
     01192204  58925.6634500579  58925.6681147222 32 314.718503  40.141930   0.001042 0 1 1 0 0 0 0 0 0 0  
     01192205  58925.6682359954  58925.6729411574 32 314.962308  39.167066   0.000360 0 1 1 0 0 0 0 0 0 0  
     01192206  58925.6730450231  58925.6777733449 32 315.235108  38.192239   0.001097 0 1 1 0 0 0 0 0 0 0  
     01192207  58925.6779408680  58925.6825996875 32 315.525957  37.204125   0.000351 0 1 1 0 0 0 0 0 0 0  
     01192208  58925.6827672917  58925.6874260764 32 315.840600  36.235787   0.000330 0 1 1 0 0 0 0 0 0 0  
     01192209  58925.6875878935  58925.6922639236 32 316.179098  35.273756   0.001176 0 1 1 0 0 0 0 0 0 0  
     01192210  58925.6924083565  58925.6970846181 32 316.533281  34.318329   0.000333 0 1 1 0 0 0 0 0 0 0  
     01192211  58925.6971412037  58925.6973958333 8192 316.732999  33.833762   0.015557 0 1 1 0 0 0 0 0 0 0  
  011964   58927.2509839120  58927.2973004771 11 /2020-03/comp_comap-0011964-2020-03-19-060125.hd5 
     01196401  58927.2530613426  58927.2533275463 8192  44.498443  37.291970   0.015389 0 0 1 0 0 0 0 0 0 0  
     01196402  58927.2535080440  58927.2583114352 32  44.657316  37.831911   0.000320 0 0 1 0 0 0 0 0 0 0  
     01196403  58927.2584791204  58927.2631436458 32  44.948482  38.845086   0.001166 0 0 1 0 0 0 0 0 0 0  
     01196404  58927.2633169560  58927.2679757755 32  45.198158  39.828793   0.001142 0 0 1 0 0 0 0 0 0 0  
     01196405  58927.2681434606  58927.2728021991 32  45.428764  40.814484   0.000255 0 0 1 0 0 0 0 0 0 0  
     01196406  58927.2729061921  58927.2776343519 32  45.627316  41.789909   0.001169 0 0 1 0 0 0 0 0 0 0  
     01196407  58927.2777962384  58927.2824607523 32  45.799220  42.795934   0.000232 0 0 1 0 0 0 0 0 0 0  
     01196408  58927.2825994560  58927.2872929167 32  45.939324  43.786734   0.000224 0 0 1 0 0 0 0 0 0 0  
     01196409  58927.2874490046  58927.2921251042 32  46.054489  44.788933   0.001122 0 0 1 0 0 0 0 0 0 0  
     01196410  58927.2922811921  58927.2969572685 32  46.142289  45.789270   0.001098 0 0 1 0 0 0 0 0 0 0  
     01196411  58927.2970081019  58927.2972627315 8192  46.177614  46.301786   0.023456 0 0 1 0 0 0 0 0 0 0  
  011974   58927.6438195602  58927.6883791583 11 /2020-03/comp_comap-0011974-2020-03-19-152706.hd5 
     01197401  58927.6442071759  58927.6444733796 8192 314.101524  43.436138   0.015781 0 1 1 0 0 0 0 0 0 0  
     01197402  58927.6445962037  58927.6493993056 32 314.178918  42.897068   0.001023 0 1 1 0 0 0 0 0 0 0  
     01197403  58927.6495787269  58927.6542315856 32 314.356805  41.864074   0.001058 0 1 1 0 0 0 0 0 0 0  
     01197404  58927.6543877546  58927.6590520949 32 314.552154  40.877828   0.000395 0 1 1 0 0 0 0 0 0 0  
     01197405  58927.6592084606  58927.6638842708 32 314.776103  39.893231   0.000396 0 1 1 0 0 0 0 0 0 0  
     01197406  58927.6640000579  58927.6687222338 32 315.028182  38.917098   0.001074 0 1 1 0 0 0 0 0 0 0  
     01197407  58927.6688379977  58927.6735486227 32 315.300113  37.939494   0.000404 0 1 1 0 0 0 0 0 0 0  
     01197408  58927.6736933796  58927.6783750463 32 315.601062  36.961441   0.000402 0 1 1 0 0 0 0 0 0 0  
     01197409  58927.6785429051  58927.6832128704 32 315.922025  35.988920   0.000739 0 1 1 0 0 0 0 0 0 0  
     01197410  58927.6833575694  58927.6880393866 32 316.261566  35.029995   0.000374 0 1 1 0 0 0 0 0 0 0  
     01197411  58927.6880960648  58927.6883506944 8192 316.448310  34.540516   0.014869 0 1 1 0 0 0 0 0 0 0 
  012034   58929.6370024306  58929.6815682788 11 /2020-03/comp_comap-0012034-2020-03-21-151717.hd5 
     01203401  58929.6373726852  58929.6376388889 8192 314.062776  43.719945   0.015793 0 1 1 0 0 0 0 0 0 0  
     01203402  58929.6377615625  58929.6425647338 32 314.136226  43.180514   0.000693 0 1 1 0 0 0 0 0 0 0  
     01203403  58929.6427325463  58929.6473969213 32 314.308209  42.148849   0.000713 0 1 1 0 0 0 0 0 0 0  
     01203404  58929.6475589468  58929.6522292361 32 314.492982  41.158690   0.001094 0 1 1 0 0 0 0 0 0 0  
     01203405  58929.6523911921  58929.6570555903 32 314.713924  40.170646   0.001086 0 1 1 0 0 0 0 0 0 0  
     01203406  58929.6572118171  58929.6618877778 32 314.951955  39.189050   0.001115 0 1 1 0 0 0 0 0 0 0  
     01203407  58929.6620555556  58929.6667141898 32 315.224789  38.206283   0.000340 0 1 1 0 0 0 0 0 0 0  
     01203408  58929.6668819445  58929.6715463310 32 315.514246  37.232472   0.001093 0 1 1 0 0 0 0 0 0 0  
     01203409  58929.6717083565  58929.6763785880 32 315.829050  36.263877   0.001123 0 1 1 0 0 0 0 0 0 0  
     01203410  58929.6765289468  58929.6812048958 32 316.162559  35.302244   0.000312 0 1 1 0 0 0 0 0 0 0  
     01203411  58929.6812615741  58929.6815162037 8192 316.345916  34.812955   0.014833 0 1 1 0 0 0 0 0 0 0
  