1 
co6   4 
  014978   59043.9232640046  59043.9695673751 11 /2020-07/comap-0014978-2020-07-13-220930.hd5 
     01497801  59043.9253356481  59043.9256018518 8192  43.940839  35.636531   0.015162 0 1 1 0 0 0 0 0 0 0  
     01497802  59043.9257647338  59043.9305742940 32  44.133439  36.168206   0.000902 0 1 1 0 0 0 0 0 0 0  
     01497803  59043.9307472685  59043.9354066204 32  44.464531  37.174096   0.000945 0 1 1 0 0 0 0 0 0 0  
     01497804  59043.9355736458  59043.9402329398 32  44.756737  38.147260   0.000256 0 1 1 0 0 0 0 0 0 0  
     01497805  59043.9404059838  59043.9450651273 32  45.027799  39.126758   0.000278 0 1 1 0 0 0 0 0 0 0  
     01497806  59043.9452207407  59043.9498973032 32  45.269178  40.106658   0.001005 0 1 1 0 0 0 0 0 0 0  
     01497807  59043.9500182060  59043.9547236921 32  45.482976  41.086891   0.000269 0 1 1 0 0 0 0 0 0 0  
     01497808  59043.9548677778  59043.9595558681 32  45.676991  42.082123   0.000830 0 1 1 0 0 0 0 0 0 0  
     01497809  59043.9597057292  59043.9643879861 32  45.838974  43.077911   0.000997 0 1 1 0 0 0 0 0 0 0  
     01497810  59043.9644915278  59043.9692143171 32  45.982115  44.065394   0.000272 0 1 1 0 0 0 0 0 0 0  
     01497811  59043.9692708333  59043.9695370370 8192  45.952827  44.749008   0.000056 0 1 1 0 0 0 0 0 0 0
  015034   59045.9178126157  59045.9624372610 11 /2020-07/comap-0015034-2020-07-15-220139.hd5 
     01503401  59045.9181770833  59045.9184548611 8192  43.820767  35.299337   0.015871 0 1 1 0 0 0 0 0 0 0  
     01503402  59045.9186122685  59045.9234271528 32  44.013820  35.831704   0.001103 0 1 1 0 0 0 0 0 0 0  
     01503403  59045.9235833218  59045.9282534722 32  44.354442  36.831403   0.000281 0 1 1 0 0 0 0 0 0 0  
     01503404  59045.9284212847  59045.9330856944 32  44.652073  37.805072   0.000999 0 1 1 0 0 0 0 0 0 0  
     01503405  59045.9332419213  59045.9379120833 32  44.934682  38.780633   0.000289 0 1 1 0 0 0 0 0 0 0  
     01503406  59045.9380856829  59045.9427442592 32  45.186931  39.765182   0.000457 0 1 1 0 0 0 0 0 0 0  
     01503407  59045.9429467824  59045.9475764467 32  45.416814  40.757135   0.001121 0 1 1 0 0 0 0 0 0 0  
     01503408  59045.9477153241  59045.9524086111 32  45.615889  41.734176   0.001069 0 1 1 0 0 0 0 0 0 0  
     01503409  59045.9525474769  59045.9572349884 32  45.788401  42.728096   0.000298 0 1 1 0 0 0 0 0 0 0  
     01503410  59045.9574028125  59045.9620671875 32  45.931083  43.728849   0.001068 0 1 1 0 0 0 0 0 0 0  
     01503411  59045.9621238426  59045.9623900463 8192  45.898762  44.433881   0.000028 0 1 1 0 0 0 0 0 0 0
  015120   59048.9096528935  59048.9543117985 11 /2020-07/comap-0015120-2020-07-18-214954.hd5 
     01512001  59048.9100289352  59048.9102951389 8192  43.823450  35.306850   0.015216 0 1 1 0 0 0 0 0 0 0  
     01512002  59048.9105046065  59048.9153136574 32768  44.017952  35.847239   0.488092 0 1 1 0 0 0 0 0 0 0  
     01512003  59048.9154930440  59048.9201400810 32768  44.358189  36.853021   0.483965 0 1 1 0 0 0 0 0 0 0  
     01512004  59048.9203078588  59048.9249722222 32768  44.656417  37.818900   0.481657 0 1 1 0 0 0 0 0 0 0  
     01512005  59048.9251458333  59048.9298044097 32768  44.936364  38.798382   0.478439 0 1 1 0 0 0 0 0 0 0  
     01512006  59048.9299779977  59048.9346365741 32768  45.190001  39.782554   0.476819 0 1 1 0 0 0 0 0 0 0  
     01512007  59048.9347986111  59048.9394628820 32768  45.421531  40.767331   0.473708 0 1 1 0 0 0 0 0 0 0  
     01512008  59048.9396248727  59048.9442951505 32768  45.616531  41.754211   0.472585 0 1 1 0 0 0 0 0 0 0  
     01512009  59048.9444050810  59048.9491215857 32768  45.788835  42.733224   0.470987 0 1 1 0 0 0 0 0 0 0  
     01512010  59048.9492777662  59048.9539537153 32768  45.936767  43.742975   0.467922 0 1 1 0 0 0 0 0 0 0  
     01512011  59048.9540104167  59048.9542766204 8192  45.886158  44.401523   0.000087 0 1 1 0 0 0 0 0 0 0   
  015351   59061.8741204861  59061.9186960567 11 /2020-07/comap-0015351-2020-07-31-205844.hd5 
     01535101  59061.8744849537  59061.8747280093 8192  43.819280  35.295959   0.013879 1 1 1 0 0 0 0 0 0 0  
     01535102  59061.8748912268  59061.8797061458 32  44.007240  35.826109   0.001045 1 1 1 0 0 0 0 0 0 0  
     01535103  59061.8798620023  59061.8845325347 32  44.349220  36.825478   0.000674 1 1 1 0 0 0 0 0 0 0  
     01535104  59061.8846710301  59061.8893647107 32  44.648147  37.793247   0.000935 1 1 1 0 0 0 0 0 0 0  
     01535105  59061.8895205555  59061.8941969792 32  44.930755  38.774373   0.000758 1 1 1 0 0 0 0 0 0 0  
     01535106  59061.8943643981  59061.8990232755 32  45.183133  39.759421   0.000487 1 1 1 0 0 0 0 0 0 0  
     01535107  59061.8991791319  59061.9038554514 32  45.412580  40.742189   0.000631 1 1 1 0 0 0 0 0 0 0  
     01535108  59061.9039592245  59061.9086876157 32  45.615011  41.720965   0.001054 1 1 1 0 0 0 0 0 0 0  
     01535109  59061.9088261111  59061.9135140278 32  45.784188  42.721301   0.000302 1 1 1 0 0 0 0 0 0 0  
     01535110  59061.9136640856  59061.9183461921 32  45.928096  43.719278   0.001055 1 1 1 0 0 0 0 0 0 0  
     01535111  59061.9184027778  59061.9186689815 8192  45.895075  44.427354   0.000041 1 1 1 0 0 0 0 0 0 0  
  