1 
co6   1  
  015330   59061.1712038194  59061.2157986032 11 /2020-07/comap-0015330-2020-07-31-040632.hd5 
     01533001  59061.1715798611  59061.1718113426 8192 322.922741  64.719841   0.011529 0 0 1 1 0 0 0 0 0 0  
     01533002  59061.1720092824  59061.1768125116 32768 322.238882  64.254716   0.430579 0 0 1 1 0 0 0 0 0 0  
     01533003  59061.1769572917  59061.1816446991 32768 321.027954  63.363647   0.429847 0 0 1 1 0 0 0 0 0 0  
     01533004  59061.1818182986  59061.1864711111 32768 319.993758  62.476458   0.430557 0 0 1 1 0 0 0 0 0 0  
     01533005  59061.1866504745  59061.1913032523 32768 319.053535  61.572500   0.431867 0 0 1 1 0 0 0 0 0 0  
     01533006  59061.1914768750  59061.1961354398 32768 318.232528  60.656930   0.433669 0 0 1 1 0 0 0 0 0 0  
     01533007  59061.1962974884  59061.2009676157 32768 317.475908  59.727425   0.435508 0 0 1 1 0 0 0 0 0 0  
     01533008  59061.2011180903  59061.2057940162 32768 316.831411  58.784211   0.437847 0 0 1 1 0 0 0 0 0 0  
     01533009  59061.2059791782  59061.2106260764 32768 316.257082  57.825645   0.439080 0 0 1 1 0 0 0 0 0 0  
     01533010  59061.2107476273  59061.2154582523 32768 315.759696  56.869445   0.441250 0 0 1 1 0 0 0 0 0 0  
     01533011  59061.2155150463  59061.2157696759 8192 315.420936  56.250784   0.000106 0 0 1 1 0 0 0 0 0 0  
  